1.697850061210149641e-01 1.708105804302187392e-01 1.718135085137012519e-01 1.727935959636439922e-01 1.737517470150279075e-01 1.048132818552069523e+00 1.802980066640411383e-01 1.810527670174537640e-01 1.817850633195315369e-01 1.824936418450893438e-01 1.831817107481950591e-01 1.838490803893547132e-01 1.844954170338563015e-01 1.851199662866838402e-01 1.857244720621702427e-01 1.863087061784184373e-01 1.868729039316053830e-01 1.874183466885551708e-01 1.879425992701746206e-01 1.884483904513279962e-01
1.697802910948258137e-01 1.708065081482698366e-01 1.718094447469456498e-01 1.727907544984780552e-01 1.737486682918273073e-01 1.048108323430021915e+00 1.802964407674843006e-01 1.810514526859046125e-01 1.817839927678886192e-01 1.824927001915192804e-01 1.831811005692975114e-01 1.838488084536275824e-01 1.844955393034662383e-01 1.851207252416945948e-01 1.857250989054610446e-01 1.863095122137187198e-01 1.868738828559372012e-01 1.874188090425246700e-01 1.879435860203446940e-01 1.884499615970911535e-01
1.690239090182117099e-01 1.700694869374968499e-01 1.710954022385492157e-01 1.720959231938497536e-01 1.730754903789029908e-01 1.740310357118454720e-01 1.749643410655090103e-01 1.758740867416300480e-01 1.767601991520060811e-01 1.065753243621657242e+00 1.827628694388627184e-01 1.834455156013601596e-01 1.841068053474470279e-01 1.847469180387725785e-01 1.853664804001418365e-01 1.859650481767199659e-01 1.865431631310967009e-01 1.871015806202251386e-01 1.876386538687359884e-01 1.881579145971223332e-01
1.685865358130892999e-01 1.696424240227765723e-01 1.706788384157830740e-01 1.716895728209039962e-01 1.726799741998730209e-01 1.736464147867579633e-01 1.745895179151652488e-01 1.755096575351151600e-01 1.764061127487946967e-01 1.772812770426075435e-01 1.781265299602498575e-01 1.789528321648735099e-01 1.797558840184288464e-01 1.805355992320014369e-01 1.812932796190462881e-01 1.820275715087569246e-01 1.827390845124022833e-01 1.100571125041041931e+00 1.874934101838245659e-01 1.880182429327301730e-01
1.693274007239791157e-01 1.703648544067453419e-01 1.713783617638479639e-01 1.723713267444224873e-01 1.733393331967455486e-01 1.742852915103627331e-01 1.752084549338945862e-01 1.761088824850114420e-01 1.769858860011903623e-01 1.778371541303453707e-01 1.786684773111406610e-01 1.794759676412190919e-01 1.802618386396585559e-01 1.086148298978702353e+00 1.855478943006659553e-01 1.861386992812822661e-01 1.867093123301881985e-01 1.872599382017293423e-01 1.877910581666533962e-01 1.883031629641889471e-01
1.699488555823866209e-01 1.025829579356661192e+00 1.771409880975431672e-01 1.779843980642905332e-01 1.788036948499212575e-01 1.796013472275227174e-01 1.803752359079348055e-01 1.811278324353139402e-01 1.818579925501739025e-01 1.825638143523376500e-01 1.832506028312838875e-01 1.839158175467223710e-01 1.845604862740438390e-01 1.851839250556102379e-01 1.857856217262421616e-01 1.863679504720042734e-01 1.869302841551473693e-01 1.874729649151225253e-01 1.879960912976886556e-01 1.885005352078203966e-01
1.697505179166139688e-01 1.707775691892680636e-01 1.717813802099335818e-01 1.727633306245002220e-01 1.737222743359667643e-01 1.047956375313631616e+00 1.802759012594859211e-01 1.810316661814076189e-01 1.817649456668769536e-01 1.824739964465199038e-01 1.831636444271991515e-01 1.838319804311807082e-01 1.844794740565511015e-01 1.851051234150384583e-01 1.857101914687334931e-01 1.862952346500102441e-01 1.868602175869049087e-01 1.874059264227755373e-01 1.879311525590152965e-01 1.884380188642300891e-01
1.698549009783530961e-01 1.708795107400069568e-01 1.718805178083989693e-01 1.037163523078524108e+00 1.787548049383957394e-01 1.795533279228520296e-01 1.803291888161408785e-01 1.810832141103972392e-01 1.818147814351916136e-01 1.825225565906814784e-01 1.832100776882091830e-01 1.838765299170913858e-01 1.845225390073573779e-01 1.851472149382658028e-01 1.857502378506119822e-01 1.863337988107499898e-01 1.868973356299059307e-01 1.874411715165251180e-01 1.879654407891302448e-01 1.884709935202579234e-01
1.694216052462683975e-01 1.704565022084335302e-01 1.714699043243039234e-01 1.724595686307611175e-01 1.734276410233157872e-01 1.743727267798777514e-01 1.752935817555344444e-01 1.761924279484297917e-01 1.770678108064816236e-01 1.067522895071554956e+00 1.829953119150760643e-01 1.836695295642851167e-01 1.843225684491091032e-01 1.849540023315713322e-01 1.855650994094107109e-01 1.861556708590743348e-01 1.867260278765290327e-01 1.872769226757086125e-01 1.878069430163491482e-01 1.883189307424491810e-01
1.697835657911111462e-01 1.708097007948624901e-01 1.718124518628473818e-01 1.727930765196703800e-01 1.737510138219875711e-01 1.048127078600750606e+00 1.802980106835564977e-01 1.810529073498266805e-01 1.817853367745068949e-01 1.824932618934886064e-01 1.831825485753879601e-01 1.838499097427849227e-01 1.844965085545183237e-01 1.851215485323845777e-01 1.857257319726450806e-01 1.863100690004352855e-01 1.868743666926235836e-01 1.874195378597590944e-01 1.879442652746604603e-01 1.884501963747193254e-01
1.697220498489859231e-01 1.024501796786042362e+00 1.769627383979731905e-01 1.778111761460373641e-01 1.786371981754759086e-01 1.794401363367413571e-01 1.802207909782615192e-01 1.809790480782229871e-01 1.817147480503184809e-01 1.824284044611474143e-01 1.831182272109245779e-01 1.837885525633706774e-01 1.844377794859729802e-01 1.850658551129848728e-01 1.856730273923606345e-01 1.862599863048413351e-01 1.868268135440978028e-01 1.873737984371300069e-01 1.879006977338606443e-01 1.884097659678733716e-01
1.694075834609957421e-01 1.704418870107266282e-01 1.714568317928084340e-01 1.724463539293401848e-01 1.734152058132871765e-01 1.743595654131260275e-01 1.752825771425250978e-01 1.761818542765065942e-01 1.770576614722340625e-01 1.067479075519960796e+00 1.829875426309827136e-01 1.836619292040102547e-01 1.843148523917937653e-01 1.849468272581049622e-01 1.855586639789534031e-01 1.861495716835992742e-01 1.867202547887587549e-01 1.872710443331607189e-01 1.878013521938672048e-01 1.883141274956555145e-01
1.699484198703646864e-01 1.025828324410362757e+00 1.771406681237134018e-01 1.779844937099389901e-01 1.788036358776436130e-01 1.796012054398495039e-01 1.803751612335166843e-01 1.811277976534091672e-01 1.818579966883801247e-01 1.825632234112996577e-01 1.832507682371986579e-01 1.839159888410639154e-01 1.845608556024025126e-01 1.851843372634227047e-01 1.857859214004338733e-01 1.863682796155207710e-01 1.869306418702278705e-01 1.874733448542710290e-01 1.879966558498676610e-01 1.885009830195748526e-01
1.694065065848449625e-01 1.704409143186510767e-01 1.714558911156221499e-01 1.724459852495100753e-01 1.734149096249295585e-01 1.743586146162787176e-01 1.752823116230444178e-01 1.761816830443464488e-01 1.770575823725960563e-01 1.067480976750468491e+00 1.829873463434284753e-01 1.836620469890851148e-01 1.843151735363764421e-01 1.849472410708156156e-01 1.855592623622618897e-01 1.861502409503271727e-01 1.867209924936621690e-01 1.872714882166975070e-01 1.878020907075377277e-01 1.883151191120305268e-01
1.689579493346737848e-01 1.700067655302646696e-01 1.710337054497435283e-01 1.720368832297063666e-01 1.730181320661338118e-01 1.739769063273943484e-01 1.749107016423461780e-01 1.758223769842500728e-01 1.767103881822184863e-01 1.065451073604786414e+00 1.827257819958238716e-01 1.834106101921095244e-01 1.840736432828320168e-01 1.847154805645749021e-01 1.853361362929976663e-01 1.859361039814816374e-01 1.865155768922045765e-01 1.870748630372474908e-01 1.876137728067610311e-01 1.881342450182836856e-01
1.686096238347660758e-01 1.696655216160804502e-01 1.707007134535556414e-01 1.717113794340338617e-01 1.727008933344561237e-01 1.736673018232592902e-01 1.746088884973286959e-01 1.755284284335053013e-01 1.764242910008136378e-01 1.772971043342527753e-01 1.781435183042712478e-01 1.789694386507397761e-01 1.797722286581835138e-01 1.805512948423153019e-01 1.813082039711534643e-01 1.820419656747988002e-01 1.827529603764866117e-01 1.100652806334809997e+00 1.875037654346524696e-01 1.880279251139757857e-01
1.698061895132025878e-01 1.708323588444904673e-01 1.718345506614308016e-01 1.728162724750657298e-01 1.042640110906316586e+00 1.795291154770632946e-01 1.803064222949425366e-01 1.810613595622445893e-01 1.817938235476891651e-01 1.825020968071594807e-01 1.831909812384032721e-01 1.838584538503359733e-01 1.845054755953483283e-01 1.851308948886489225e-01 1.857347736179883746e-01 1.863190938166748301e-01 1.868833710316255836e-01 1.874277384192523654e-01 1.879524832720994854e-01 1.884592521809109189e-01
1.697723175084872305e-01 1.707990901562472241e-01 1.718016958393489280e-01 1.727825818337147823e-01 1.737406807479934534e-01 1.048070586437943819e+00 1.802897967542279600e-01 1.810449422632727512e-01 1.817776164963678387e-01 1.824856981436384085e-01 1.831749010419106705e-01 1.838427967011213859e-01 1.844894970114362709e-01 1.851149470025648114e-01 1.857192929791510183e-01 1.863038421913636167e-01 1.868683461248169531e-01 1.874134915438687154e-01 1.879386398426793892e-01 1.884447476026027968e-01
1.697685874270414286e-01 1.707958561345828130e-01 1.717983800854611942e-01 1.727799796010941746e-01 1.737380745855460484e-01 1.048053731684036594e+00 1.802877047516128761e-01 1.810429898035853247e-01 1.817757989665870766e-01 1.824828906438326626e-01 1.831734753130871141e-01 1.838415342540303254e-01 1.844887875258214571e-01 1.851140029913799778e-01 1.857183598258329571e-01 1.863030093149829203e-01 1.868676100258877815e-01 1.874132458112174882e-01 1.879379837793069552e-01 1.884442998511264844e-01
1.697685874270414286e-01 1.707958561345828130e-01 1.717983800854611942e-01 1.727799796010941746e-01 1.737380745855460484e-01 1.048053731684036594e+00 1.802877047516128761e-01 1.810429898035853247e-01 1.817757989665870766e-01 1.824828906438326626e-01 1.831734753130871141e-01 1.838415342540303254e-01 1.844887875258214571e-01 1.851140029913799778e-01 1.857183598258329571e-01 1.863030093149829203e-01 1.868676100258877815e-01 1.874132458112174882e-01 1.879379837793069552e-01 1.884442998511264844e-01
1.698541484902396093e-01 1.708786191035853996e-01 1.718799705620938090e-01 1.037161332484440424e+00 1.787546265805231016e-01 1.795528776678354810e-01 1.803291270494409571e-01 1.810832264357156995e-01 1.818148658682694763e-01 1.825229868786910070e-01 1.832103277178007694e-01 1.838769394512141941e-01 1.845230345913032310e-01 1.851475911958752052e-01 1.857508991280458210e-01 1.863345119383655601e-01 1.868980988292567036e-01 1.874420465294178995e-01 1.879659369207196395e-01 1.884719453942169110e-01
1.691742548807313451e-01 1.702157116369600598e-01 1.712326587637615083e-01 1.722296667100002843e-01 1.732016950223209395e-01 1.741517642830710533e-01 1.750777243576082942e-01 1.759818973806073772e-01 1.768626219066425087e-01 1.777172920101463549e-01 1.785518603076610145e-01 1.793637836018410758e-01 1.801534429351669964e-01 1.809191350784420671e-01 1.816614707724958644e-01 1.823820258269374661e-01 1.830801325957336634e-01 1.102537678070679261e+00 1.877421070854047858e-01 1.882564051062787236e-01
1.699476692300802283e-01 1.025822827858156261e+00 1.771402635284326232e-01 1.779843366061112653e-01 1.788036507300042044e-01 1.796009926543665480e-01 1.803752358786953058e-01 1.811279493759038739e-01 1.818582237116610212e-01 1.825634564999433218e-01 1.832513127058282287e-01 1.839165416754543481e-01 1.845616263610555807e-01 1.851849157586480665e-01 1.857867587399734954e-01 1.863691739217310239e-01 1.869315915416857321e-01 1.874745415187542008e-01 1.879974218993432367e-01 1.885021366309192203e-01
1.694052365150612860e-01 1.704401159188849435e-01 1.714548772536626242e-01 1.724459533507089748e-01 1.734142563436981699e-01 1.743569176007532251e-01 1.752821792896737674e-01 1.761816601722110964e-01 1.770576668516471996e-01 1.067480170628849701e+00 1.829878321742397229e-01 1.836623668575046719e-01 1.843158443829811532e-01 1.849485952038766867e-01 1.855600954705347028e-01 1.861511614679736970e-01 1.867219979249394590e-01 1.872719768851501265e-01 1.878029756903286662e-01 1.883164043211292271e-01
1.690462749354093019e-01 1.700910241009898072e-01 1.711164317737368934e-01 1.721164366798684786e-01 1.730952967162031342e-01 1.740497649033215244e-01 1.749828909783086028e-01 1.758920198972438453e-01 1.767775247103636482e-01 1.065856304604978266e+00 1.827758115209853484e-01 1.834579313334970263e-01 1.841187312892149930e-01 1.847583879759139291e-01 1.853775186152363808e-01 1.859756345722110848e-01 1.865533108864928791e-01 1.871112374657372679e-01 1.876478199803616465e-01 1.881668253623163256e-01
1.690758267805308468e-01 1.701188066164641688e-01 1.711386300440451425e-01 1.721365557267608148e-01 1.731115650566865394e-01 1.740651013705333539e-01 1.749921599507002212e-01 1.758985398474214590e-01 1.767814587367481094e-01 1.776389452220671072e-01 1.784753850366093131e-01 1.792889759639361147e-01 1.800802982557081489e-01 1.808480532361400606e-01 1.815926746328165586e-01 1.823152784429725448e-01 1.830154012316519974e-01 1.836937523579353360e-01 1.106096272656430290e+00 1.882188387412863373e-01
1.697836474281136099e-01 1.708095041984701024e-01 1.718124929131721601e-01 1.727932493678091541e-01 1.737511736086318759e-01 1.048124004320846847e+00 1.802982753771466828e-01 1.810531679437055730e-01 1.817855932356105542e-01 1.824942164878739781e-01 1.831827325240761306e-01 1.838500251731439439e-01 1.844966356894975901e-01 1.851216989577193772e-01 1.857259391813175786e-01 1.863102723551610940e-01 1.868745661708903771e-01 1.874195728036577580e-01 1.879442349355095465e-01 1.884503881240757184e-01
1.690450610738011006e-01 1.700902446620398967e-01 1.711155579248204439e-01 1.721158483297162700e-01 1.730949283489885970e-01 1.740495898702375532e-01 1.749826290968517217e-01 1.758918748130408050e-01 1.767774938250126493e-01 1.065853508177662556e+00 1.827759649741895476e-01 1.834585495714372294e-01 1.841195420312174980e-01 1.847592322472441928e-01 1.853784991026941331e-01 1.859766973384255340e-01 1.865544531288767238e-01 1.871121579046869099e-01 1.876490132323970494e-01 1.881682618742666624e-01
1.690455203268126372e-01 1.700907027280939288e-01 1.711159659572401015e-01 1.721158280584662026e-01 1.730951124004450337e-01 1.740506731801511608e-01 1.749827018196895012e-01 1.758919138908721091e-01 1.767775000727662138e-01 1.065850946144351052e+00 1.827760372902635377e-01 1.834586547530247802e-01 1.841195160553996957e-01 1.847589732181586786e-01 1.853783758278643445e-01 1.859765455589979799e-01 1.865542738613618912e-01 1.871122881457865927e-01 1.876489970390638473e-01 1.881679922259185955e-01
1.694650407975194506e-01 1.704984405518911728e-01 1.715092670872863934e-01 1.724973096989122212e-01 1.734630225013999438e-01 1.744073308070093198e-01 1.753252266649624469e-01 1.762223000022397068e-01 1.770959685892606050e-01 1.779449415096331366e-01 1.072630644020033941e+00 1.837066575607000929e-01 1.843579720784229992e-01 1.849879173548980571e-01 1.855967819654591455e-01 1.861856990444769044e-01 1.867544669852023442e-01 1.873038863262197207e-01 1.878329620963286872e-01 1.883429683662446452e-01
1.694073644919237565e-01 1.704421707860566959e-01 1.714566567501577821e-01 1.724467942504815665e-01 1.734153826379453978e-01 1.743598476374645934e-01 1.752825963102557227e-01 1.761819030198156777e-01 1.770577392621449364e-01 1.067473782040123442e+00 1.829877040889946460e-01 1.836622129881529397e-01 1.843154235778216021e-01 1.849475174309802294e-01 1.855591241119505241e-01 1.861500492826576592e-01 1.867207493924318285e-01 1.872714062064576857e-01 1.878019477428946316e-01 1.883146828118170968e-01
1.698771677287539417e-01 1.709013629421435865e-01 1.719016580471528222e-01 1.037288653160746810e+00 1.787717261042868211e-01 1.795699736324575524e-01 1.803447121239467876e-01 1.810982490879472773e-01 1.818293382157105398e-01 1.825359096834154315e-01 1.832235972004401248e-01 1.838899543093038824e-01 1.845357608428672413e-01 1.851595179091119203e-01 1.857624225271616858e-01 1.863455726521101030e-01 1.869087105429167450e-01 1.874525422080145776e-01 1.879757361327758225e-01 1.884813011167821850e-01
1.694071427770803551e-01 1.704422618731618877e-01 1.714565919436860930e-01 1.724464466481298863e-01 1.734152253310407010e-01 1.743606199883462049e-01 1.752825272735865914e-01 1.761818657686649581e-01 1.770577331634514417e-01 1.067469463608702762e+00 1.829880362678815986e-01 1.836627371080247484e-01 1.843158537254031837e-01 1.849478575867013752e-01 1.855595526478542034e-01 1.861504956327757754e-01 1.867212130206756526e-01 1.872722144283766599e-01 1.878025689007429277e-01 1.883152174287420488e-01
1.691466165911017505e-01 1.701883748496953175e-01 1.712084382497878476e-01 1.722045284786068442e-01 1.731792709802765229e-01 1.741320616045140823e-01 1.750587672832327468e-01 1.759642616702435380e-01 1.768462464038135507e-01 1.777046721707817301e-01 1.785382985159205682e-01 1.076104737540218848e+00 1.841932890508929110e-01 1.848294066155515836e-01 1.854447758069356356e-01 1.860396745892957393e-01 1.866142557804301993e-01 1.871694782180518268e-01 1.877035857001693731e-01 1.882191720301112925e-01
1.694061840669454366e-01 1.704407980627585528e-01 1.714556393857308847e-01 1.724460179822259465e-01 1.734147682447041705e-01 1.743582824739066395e-01 1.752822931084235536e-01 1.761816949823460654e-01 1.770576241979058274e-01 1.067479310152969152e+00 1.829875977692033140e-01 1.836622431202384054e-01 1.843154778969847418e-01 1.849477260785822030e-01 1.855595584839051793e-01 1.861505599654114940e-01 1.867213337757632763e-01 1.872717777606812406e-01 1.878025100148523752e-01 1.883155292910279055e-01
1.689043884985954591e-01 1.699536207806787436e-01 1.709828812436243461e-01 1.719866500965615552e-01 1.729697930611127921e-01 1.739297235164453670e-01 1.748650086761500966e-01 1.757780180701668804e-01 1.766673449133209783e-01 1.065209631269566470e+00 1.826928238116012071e-01 1.833783481396660808e-01 1.840422614274137836e-01 1.846846126018869272e-01 1.853067618969198582e-01 1.859077187940683940e-01 1.864881521241751050e-01 1.870490829990694714e-01 1.875882546506929816e-01 1.881094226194458818e-01
1.699483542179802409e-01 1.025825705569209934e+00 1.771406591015151633e-01 1.779844224258780583e-01 1.788039236582688318e-01 1.796015262270411750e-01 1.803752213280978012e-01 1.811278729084687955e-01 1.818580865776755207e-01 1.825638812404542788e-01 1.832506549122729644e-01 1.839161908886519925e-01 1.845610196911256773e-01 1.851841042431869588e-01 1.857862078687409768e-01 1.863685728377461603e-01 1.869309414554301274e-01 1.874738766359198838e-01 1.879968143076544973e-01 1.885013314650215988e-01
1.694086937738616128e-01 1.704443436939521994e-01 1.714578467462803402e-01 1.724478049852470052e-01 1.734162055588815421e-01 1.743629097139891837e-01 1.752829444986072627e-01 1.761821650430592801e-01 1.770579173212334101e-01 1.067458859331374743e+00 1.829882368283323735e-01 1.836628492853222272e-01 1.843160890512104133e-01 1.849478893562197523e-01 1.855591851833049144e-01 1.861500301689984760e-01 1.867206530172837720e-01 1.872719356624152620e-01 1.878023452822391026e-01 1.883143202470344835e-01
1.690707251461774085e-01 1.701138430391654077e-01 1.711339644024115481e-01 1.721317521760561409e-01 1.731068911499809015e-01 1.740605530642989340e-01 1.749881626620483077e-01 1.758947024702774697e-01 1.767777800857452120e-01 1.776357539085258452e-01 1.784721818359240320e-01 1.792858471479923943e-01 1.800771870553892762e-01 1.808452429220235580e-01 1.815899496348664099e-01 1.823126964409177708e-01 1.830129593401029486e-01 1.836913079489849998e-01 1.106080886153824050e+00 1.882173920664011735e-01
1.698009069379943503e-01 1.708262450432264379e-01 1.718287199274166344e-01 1.728095052292737688e-01 1.737667892525713575e-01 1.048209961344107599e+00 1.803103398533213719e-01 1.810648212078444508e-01 1.817968435172825081e-01 1.825054219974760750e-01 1.831929969246688661e-01 1.838600440621854237e-01 1.845064014443793809e-01 1.851310854686538387e-01 1.857350175362227906e-01 1.863190070370218387e-01 1.868829668278374490e-01 1.874275095044137807e-01 1.879518855483911233e-01 1.884578641622876305e-01
1.698540106242602543e-01 1.708787115441505466e-01 1.718798297621623450e-01 1.037162271369151956e+00 1.787546613473771917e-01 1.795530113450304055e-01 1.803290010039739766e-01 1.810831124193962582e-01 1.818147635859910793e-01 1.825225049207802597e-01 1.832100827000296694e-01 1.838768610559653738e-01 1.845230982611301418e-01 1.851475904976769282e-01 1.857509032850880315e-01 1.863345243101486304e-01 1.868981191526556396e-01 1.874421012009477583e-01 1.879658770938943402e-01 1.884719977473752472e-01
1.690226587912269374e-01 1.700687362376101797e-01 1.710944697242359203e-01 1.720954155173552158e-01 1.730750760819454726e-01 1.740304837430623752e-01 1.749641049025664197e-01 1.758739681624001405e-01 1.767601955311221273e-01 1.065750601841396250e+00 1.827631382018469197e-01 1.834461011926095397e-01 1.841076114973236311e-01 1.847479230436427922e-01 1.853674549634214686e-01 1.859661067382996358e-01 1.865443028302151418e-01 1.871024385632673870e-01 1.876399346198049101e-01 1.881593420372015824e-01
1.690227535611669440e-01 1.700683446016870992e-01 1.710944504673837241e-01 1.720954005345289861e-01 1.730749634971382456e-01 1.740297002690727179e-01 1.749640852637471267e-01 1.758739270065805549e-01 1.767601333228126514e-01 1.065756731746587249e+00 1.827627897206650642e-01 1.834456137610853133e-01 1.841070313994657426e-01 1.847473797269849616e-01 1.853670185221829025e-01 1.859656618171613984e-01 1.865438497378437976e-01 1.871018850178585713e-01 1.876392059107655219e-01 1.881588616895464861e-01
1.696887880219373479e-01 1.707179824814944735e-01 1.030347880588974085e+00 1.777954055703545588e-01 1.786216919065753139e-01 1.794262670842269869e-01 1.802057686474248521e-01 1.809643637816471251e-01 1.817003993973739517e-01 1.824132473998224813e-01 1.831045834128050276e-01 1.837751489578279551e-01 1.844247155741256805e-01 1.850530304410666904e-01 1.856603624646048778e-01 1.862476375105483473e-01 1.868147750411387753e-01 1.873624974516043540e-01 1.878896388709536402e-01 1.883985390242557678e-01
1.697810805309147852e-01 1.708074559650392399e-01 1.718100036639944594e-01 1.727907793399707792e-01 1.737487554640413656e-01 1.048114795491146944e+00 1.802960389720895118e-01 1.810509715492349958e-01 1.817834355018948245e-01 1.824917110856637548e-01 1.831802037018085971e-01 1.838480181982470041e-01 1.844945694221299393e-01 1.851196377019255768e-01 1.857239816659370657e-01 1.863083446763212359e-01 1.868726671876164980e-01 1.874177797032501036e-01 1.879424295231655329e-01 1.884485674220603424e-01
1.690231242621654528e-01 1.700693134169576348e-01 1.710948160809918628e-01 1.720965158989628818e-01 1.730756489541818988e-01 1.740310036272867122e-01 1.749642728016206905e-01 1.758741031486870388e-01 1.767602984241523900e-01 1.065745349076604009e+00 1.827632694928951473e-01 1.834461536185481023e-01 1.841079718974316659e-01 1.847481333037006290e-01 1.853674540745034183e-01 1.859660768380164420e-01 1.865442449733191732e-01 1.871025669237989797e-01 1.876397704397355926e-01 1.881591772285332587e-01
1.698074148475240686e-01 1.708330454273302157e-01 1.718354152322261741e-01 1.728169518975056496e-01 1.042644302427940373e+00 1.795296476603643887e-01 1.803064611745996415e-01 1.810612832933912453e-01 1.817936348414669057e-01 1.825024472487385419e-01 1.831902663333387637e-01 1.838577754163390754e-01 1.845046573239283172e-01 1.851296212436104038e-01 1.857337543717449968e-01 1.863179877060515133e-01 1.868821805823156490e-01 1.874267695807825818e-01 1.879511648428714710e-01 1.884577705431614569e-01
1.687031698586093087e-01 1.697585831546931656e-01 1.707920226688387499e-01 1.718023138858396359e-01 1.727898496088652314e-01 1.737535863530147717e-01 1.746954646973974679e-01 1.756135714077418086e-01 1.765079566844030556e-01 1.773791087572527125e-01 1.069345251411552233e+00 1.832807263031377698e-01 1.839487984063657156e-01 1.845953861112910321e-01 1.852203155215100261e-01 1.858247092614206952e-01 1.864084956076057231e-01 1.869719216241487736e-01 1.875149452532303140e-01 1.880394392697531947e-01
1.698078322519358807e-01 1.708333316834522164e-01 1.718357886778067722e-01 1.728169120401489012e-01 1.042645249922354189e+00 1.795305360431425634e-01 1.803064310382133384e-01 1.810612162284742921e-01 1.817935317848943799e-01 1.825021586692168185e-01 1.831900622776964915e-01 1.838576803249849512e-01 1.845044151276885314e-01 1.851291022561357968e-01 1.857334280039284469e-01 1.863176329171060686e-01 1.868817982748730844e-01 1.874266859605458191e-01 1.879507866673689187e-01 1.884572974324272288e-01
1.694185054038963856e-01 1.704536724742221621e-01 1.714674419736323674e-01 1.724579089535386855e-01 1.734259714224648807e-01 1.743699041814663064e-01 1.752929368831779855e-01 1.761920507287935977e-01 1.770676955194524504e-01 1.067527369126201053e+00 1.829957878440368613e-01 1.836702499249863729e-01 1.843234619525661866e-01 1.849556955551085735e-01 1.855668399560578552e-01 1.861576193819111658e-01 1.867281777485419458e-01 1.872783508543192643e-01 1.878091909084111111e-01 1.883217917872832825e-01
1.685637186462606574e-01 1.696207673782036962e-01 1.706574382698789472e-01 1.716689103291342555e-01 1.726599682482912179e-01 1.736279082006183527e-01 1.745706383968569364e-01 1.754914206253248288e-01 1.763885090235844111e-01 1.772630153695158584e-01 1.781101749211976559e-01 1.789372784172911790e-01 1.797409976812684440e-01 1.805211872832519493e-01 1.812793586629841691e-01 1.820142008097891395e-01 1.827262509226661169e-01 1.100499008373238663e+00 1.874842950218669480e-01 1.880093230997234022e-01
1.697592739686591690e-01 1.707856143438583885e-01 1.717893945038619363e-01 1.727708952897883954e-01 1.737297361601939094e-01 1.047999948473377518e+00 1.802811861181072839e-01 1.810366538038214734e-01 1.817696417100870543e-01 1.824790238832639799e-01 1.831675226813374302e-01 1.838356881495981088e-01 1.844828676965422076e-01 1.851078886768943721e-01 1.857130864625647082e-01 1.862978880181213603e-01 1.868626361009111669e-01 1.874084834049084825e-01 1.879331396123484210e-01 1.884397278182320390e-01
1.694054868273260073e-01 1.704398893946028337e-01 1.714550349363755666e-01 1.724455641343747292e-01 1.734143977739940334e-01 1.743572409932374612e-01 1.752820967174066602e-01 1.761815517189631863e-01 1.770575328127563242e-01 1.067484298508746487e+00 1.829873445888832995e-01 1.836621087791112661e-01 1.843153713884759515e-01 1.849476720056198176e-01 1.855597168279086717e-01 1.861507626979224950e-01 1.867215793556769865e-01 1.872718115970316843e-01 1.878025265145618627e-01 1.883159346954399183e-01
1.697540902577105715e-01 1.707809684737466305e-01 1.717846686908205134e-01 1.727663830236286224e-01 1.737249382637394979e-01 1.047969639602003067e+00 1.802783370923918271e-01 1.810339736221758256e-01 1.817671276636321775e-01 1.824764362382030047e-01 1.831658250060501369e-01 1.838336195559624464e-01 1.844809003113641876e-01 1.851069140224990417e-01 1.857114912503772808e-01 1.862964380316783075e-01 1.868613276936549605e-01 1.874066691849309851e-01 1.879321852075831190e-01 1.884388293101016409e-01
1.697586650871997782e-01 1.707854894255750600e-01 1.717889638239046279e-01 1.727707996044226813e-01 1.737294339606076654e-01 1.047998293658300994e+00 1.802811182730545414e-01 1.810366410709838003e-01 1.817696828573965862e-01 1.824782515802925997e-01 1.831677981098527308e-01 1.838359731445363687e-01 1.844833689692338963e-01 1.851085978332160376e-01 1.857135178121580577e-01 1.862983618808156661e-01 1.868631513140498190e-01 1.874089919923865588e-01 1.879337729735847118e-01 1.884403759792743493e-01
1.694062730800616479e-01 1.704411280568837450e-01 1.714557914809021755e-01 1.724461610575073189e-01 1.734148065743369160e-01 1.743587229371721115e-01 1.752823295928791492e-01 1.761817296798875443e-01 1.770576571606444216e-01 1.067476456127854023e+00 1.829877517278911403e-01 1.836624422471030693e-01 1.843156760292684326e-01 1.849479616314584907e-01 1.855596753903672458e-01 1.861506721333185121e-01 1.867214413610562007e-01 1.872719444509910180e-01 1.878025453519642785e-01 1.883156248775901820e-01
1.694059750458651314e-01 1.704400624053182545e-01 1.714554184477265486e-01 1.724456029435140203e-01 1.734145901619351671e-01 1.743576261742302569e-01 1.752821650908800710e-01 1.761815739642928758e-01 1.770575098656450297e-01 1.067485859740131993e+00 1.829871918270125353e-01 1.836618798355529603e-01 1.843149833851140118e-01 1.849471282068688160e-01 1.855593099782395228e-01 1.861503219004116139e-01 1.867211056391171464e-01 1.872714668115480208e-01 1.878020379822595010e-01 1.883153461190138211e-01
1.686319618305042733e-01 1.696874122201250945e-01 1.707216384502266704e-01 1.717315128684043513e-01 1.727202608962529196e-01 1.736866316817421985e-01 1.746268294886475503e-01 1.755456888429519913e-01 1.764408767843429204e-01 1.773125434232454833e-01 1.781586881349553897e-01 1.789838833800836970e-01 1.797860769452681862e-01 1.805645515143479707e-01 1.813206574261450599e-01 1.820538181298076985e-01 1.827642245797220510e-01 1.100717863275436414e+00 1.875118996004406235e-01 1.880351592913097336e-01
1.694182174764461424e-01 1.704525734629141753e-01 1.714670729797802273e-01 1.724575607169687719e-01 1.734258665246987408e-01 1.743684379036437027e-01 1.752927549301408483e-01 1.761918738292227449e-01 1.770675231553192064e-01 1.067538242659862968e+00 1.829950076035447015e-01 1.836695739063791966e-01 1.843227074392202736e-01 1.849547231657021895e-01 1.855663751010601659e-01 1.861571658994154999e-01 1.867277348204685883e-01 1.872778105969558904e-01 1.878082222626569486e-01 1.883213951211211712e-01
1.694076613771541562e-01 1.704426642111711576e-01 1.714569580581850605e-01 1.724468073151098346e-01 1.734154978885071308e-01 1.743606919763626140e-01 1.752826386117622703e-01 1.761819274071842190e-01 1.770577460828883232e-01 1.067470603882890057e+00 1.829878238778496757e-01 1.836624360755670649e-01 1.843155305423106183e-01 1.849475212470923779e-01 1.855591363301505592e-01 1.861500426676139519e-01 1.867207244805087207e-01 1.872715957332145853e-01 1.878021036776265917e-01 1.883146003871666030e-01
1.694211585365371642e-01 1.704558611178023098e-01 1.714695764521582122e-01 1.724590568011886427e-01 1.734272162519065741e-01 1.743727186811052654e-01 1.752934484156522255e-01 1.761923314971161614e-01 1.770677504286908011e-01 1.067525257736286370e+00 1.829952789131127078e-01 1.836695887837406782e-01 1.843223290518400392e-01 1.849540044500350977e-01 1.855652661268694659e-01 1.861558671683216648e-01 1.867262527983118703e-01 1.872769082026715104e-01 1.878072145441322949e-01 1.883192683659335176e-01
1.698532208218095640e-01 1.708783702286078288e-01 1.718792509346748210e-01 1.037159203478547509e+00 1.787542326898791667e-01 1.795525418939665774e-01 1.803290018490344149e-01 1.810831864895155185e-01 1.818149092494557584e-01 1.825221946127938422e-01 1.832106569535233709e-01 1.838773023366346293e-01 1.845236510851922807e-01 1.851485587825817403e-01 1.857515604815000998e-01 1.863352383429421610e-01 1.868988884749911705e-01 1.874426799798040444e-01 1.879669588244382572e-01 1.884729496038447250e-01
1.693334158008646950e-01 1.703711350966690685e-01 1.713841777866751681e-01 1.723771783016482262e-01 1.733454324220728704e-01 1.742922836830557431e-01 1.752136239932119699e-01 1.761139677962899053e-01 1.769908824674037429e-01 1.778411167507214785e-01 1.786727338388656994e-01 1.794806910619852480e-01 1.081600714351248715e+00 1.849340276269815508e-01 1.855445595359167810e-01 1.861354808929949201e-01 1.867062040814200241e-01 1.872576993461345374e-01 1.877882276853774512e-01 1.883003137216789913e-01
1.685625545505284317e-01 1.696203869754371318e-01 1.706565096635464795e-01 1.716689109840640048e-01 1.726593561043739677e-01 1.736272456935944175e-01 1.745703194803381597e-01 1.754911929284895811e-01 1.763883709884910278e-01 1.772614872266611574e-01 1.781104072734417676e-01 1.789374157735651449e-01 1.797414454797674199e-01 1.805223030492019431e-01 1.812798380611044813e-01 1.820147550556032445e-01 1.827268782305228600e-01 1.100501012002848666e+00 1.874852344023686945e-01 1.880101276231799790e-01
1.694082639658140155e-01 1.704437531080675028e-01 1.714574809648337361e-01 1.724474634969739018e-01 1.734159614835154573e-01 1.743619996679283135e-01 1.752828638810934592e-01 1.761821156390491472e-01 1.770578984877431983e-01 1.067461496411010069e+00 1.829883687483476185e-01 1.836627958398807103e-01 1.843161224737976389e-01 1.849480208235753098e-01 1.855592857235041637e-01 1.861501586690070820e-01 1.867208086302079573e-01 1.872719561488837559e-01 1.878025735482970193e-01 1.883145596755353979e-01
1.694052258235162478e-01 1.704397079466962728e-01 1.714548526047447174e-01 1.724454063507101786e-01 1.734142656743728195e-01 1.743573133285052923e-01 1.752820446680965483e-01 1.761815258583383226e-01 1.770575326716705977e-01 1.067483184744792091e+00 1.829874912440408175e-01 1.836622877691852229e-01 1.843155623370265062e-01 1.849478805382503699e-01 1.855599613925610625e-01 1.861510264518086710e-01 1.867218617907765998e-01 1.872721793280688884e-01 1.878027907643587124e-01 1.883162853578638218e-01
1.687745996917311975e-01 1.698274902490477800e-01 1.708592290677818648e-01 1.718671418959348551e-01 1.728528703222160789e-01 1.738152965334797684e-01 1.747541525638571513e-01 1.756702541155598651e-01 1.765626622829075398e-01 1.774319616721069803e-01 1.069650013316861159e+00 1.833202416993742756e-01 1.839865844151479246e-01 1.846311598022090661e-01 1.852549569824052944e-01 1.858578549995069940e-01 1.864401890764443293e-01 1.870026153675100056e-01 1.875439332579381391e-01 1.880670053133000619e-01
1.697592589868359703e-01 1.707861483971609695e-01 1.717894271462359346e-01 1.727711001117863410e-01 1.737294171085275729e-01 1.047998994312355103e+00 1.802812984372160754e-01 1.810367593903943750e-01 1.817697413447780797e-01 1.824779478538070265e-01 1.831680511019941338e-01 1.838356642486385917e-01 1.844829932108029424e-01 1.851086708224457256e-01 1.857130296537690128e-01 1.862978366985443557e-01 1.868625908307428862e-01 1.874082033528193802e-01 1.879334249520530908e-01 1.884396641972040376e-01
1.690452603107516494e-01 1.700901028387929725e-01 1.711156369028755952e-01 1.721158624822042849e-01 1.730947784615395613e-01 1.740489849330871808e-01 1.749826735111560672e-01 1.758918918279170907e-01 1.767774841599385471e-01 1.065857184219195952e+00 1.827759896124485639e-01 1.834582220192089996e-01 1.841190873202685208e-01 1.847589359972006129e-01 1.853781290295281325e-01 1.859763136777744519e-01 1.865540565127638828e-01 1.871118258169252313e-01 1.876486010724700559e-01 1.881678076048140247e-01
1.690751849709808408e-01 1.701184767104473305e-01 1.711381197056769110e-01 1.721362505036401480e-01 1.731112399885512687e-01 1.740648688993988724e-01 1.749919304282426813e-01 1.758983620954568672e-01 1.767813316537346358e-01 1.776385863190202419e-01 1.784752535673494178e-01 1.792890794000453758e-01 1.800804818411754771e-01 1.808483289857249487e-01 1.815929470894421527e-01 1.823155894829779911e-01 1.830157496988597254e-01 1.836939995757976563e-01 1.106098484193171361e+00 1.882192569847544461e-01
1.694050101426233523e-01 1.704397309219598255e-01 1.714546772779780293e-01 1.724455328550694444e-01 1.734142421199093287e-01 1.743570400696272393e-01 1.752820331461819314e-01 1.761815350663454016e-01 1.770575620961352958e-01 1.067481891100403368e+00 1.829875627362817780e-01 1.836624019575897049e-01 1.843158002577985899e-01 1.849482373626220588e-01 1.855601678245113739e-01 1.861512467871438148e-01 1.867220954990757298e-01 1.872722856594756791e-01 1.878030857637217332e-01 1.883165611265645856e-01
1.694053001964234417e-01 1.704407285250930382e-01 1.714550134075863708e-01 1.724463112679789079e-01 1.734144227261272264e-01 1.743576254917391932e-01 1.752822714300901752e-01 1.761817609830753917e-01 1.770577763060465215e-01 1.067472612500877771e+00 1.829883677196629255e-01 1.836628732203821335e-01 1.843165343394574385e-01 1.849492705512393864e-01 1.855605028830701886e-01 1.861515686641126432e-01 1.867224050818038772e-01 1.872726663974805250e-01 1.878035219802034750e-01 1.883168025516472610e-01
1.686071809843936176e-01 1.696643038575920415e-01 1.706987898950200755e-01 1.717105992141390314e-01 1.726995511885076884e-01 1.736659962597587870e-01 1.746081845495481011e-01 1.755279192272602151e-01 1.764239730419302765e-01 1.772950085943867105e-01 1.781439093028193976e-01 1.789698150523335030e-01 1.797730478510580487e-01 1.805530820383587920e-01 1.813092690862258549e-01 1.820431868247693874e-01 1.827543336574581345e-01 1.100658279686229868e+00 1.875054652365947538e-01 1.880296562503677438e-01
1.697506320675203906e-01 1.707776937058589350e-01 1.717814495994953727e-01 1.727633713975304242e-01 1.737223173196959791e-01 1.047956636550480214e+00 1.802759018631933108e-01 1.810316564825622532e-01 1.817649259020168995e-01 1.824740151221508344e-01 1.831635594931643185e-01 1.838319285154280669e-01 1.844794122385104429e-01 1.851050073344716052e-01 1.857101043246590644e-01 1.862951394606116307e-01 1.868601145804549835e-01 1.874059263655073471e-01 1.879310643656428026e-01 1.884378888597868229e-01
1.697836559714658577e-01 1.708096874229964313e-01 1.718124639921805308e-01 1.727932477597340921e-01 1.737512077761640961e-01 1.048125793970249520e+00 1.802981330756431855e-01 1.810530245933485161e-01 1.817854487282598575e-01 1.824939559168932690e-01 1.831823637942069372e-01 1.838498987602846801e-01 1.844964622824330491e-01 1.851215170909424057e-01 1.857258134417389683e-01 1.863101433665023399e-01 1.868744338620270118e-01 1.874193801994396835e-01 1.879442128078741281e-01 1.884502518795355408e-01
1.694188260348084840e-01 1.704534347984033027e-01 1.714676613935420812e-01 1.724577639134091400e-01 1.734260514443855816e-01 1.743696464763320741e-01 1.752929284106430341e-01 1.761920026672556261e-01 1.770676084986463616e-01 1.067533296350603234e+00 1.829953364281250994e-01 1.836697822658722723e-01 1.843227973593569990e-01 1.849548380332922126e-01 1.855662801747318680e-01 1.861570337488537008e-01 1.867275668500716634e-01 1.872777647213108299e-01 1.878082763753824991e-01 1.883210985208020605e-01
1.690454550938005895e-01 1.700905391351302809e-01 1.711158677387783211e-01 1.721157603480530929e-01 1.730949452227365792e-01 1.740500301960441198e-01 1.749826838766834203e-01 1.758918952478820130e-01 1.767774807588975983e-01 1.065853658099902068e+00 1.827759978327453128e-01 1.834584836972322219e-01 1.841193101203658922e-01 1.847589024874941033e-01 1.853782434794269962e-01 1.859764167127325452e-01 1.865541484419474816e-01 1.871121268200359733e-01 1.876487860317993528e-01 1.881678748656821776e-01
1.687122005926391111e-01 1.697668440986349614e-01 1.708002061714871678e-01 1.718095348625632290e-01 1.727968580760998463e-01 1.737620615499123333e-01 1.747014287514456754e-01 1.756191356035458062e-01 1.765131278636052348e-01 1.773828911611370629e-01 1.069373706338864194e+00 1.832836422669333332e-01 1.839513181245135409e-01 1.845973352581558868e-01 1.852219575917637973e-01 1.858260522407235438e-01 1.864095490325973770e-01 1.869733579655963596e-01 1.875161585797409103e-01 1.880395372888079286e-01
1.699718600274527924e-01 1.025964850623657609e+00 1.771590181527641639e-01 1.780022754162379206e-01 1.788209175459334332e-01 1.796180943076249037e-01 1.803908921089360518e-01 1.811429296563226710e-01 1.818725427847202036e-01 1.825771118467760801e-01 1.832638835548216494e-01 1.839288656648570552e-01 1.845733227402564236e-01 1.851958780876096777e-01 1.857972439970993206e-01 1.863791121784443006e-01 1.869409988620453489e-01 1.874835623704086685e-01 1.880059487902167314e-01 1.885100005759182962e-01
1.694060527995393806e-01 1.704407804849362718e-01 1.714555353447148878e-01 1.724462004832514050e-01 1.734145969231755124e-01 1.743575790210228349e-01 1.752823254915903961e-01 1.761817343643214406e-01 1.770576704736577800e-01 1.067480021278979674e+00 1.829877302972497122e-01 1.836621737002296084e-01 1.843154689351284570e-01 1.849480657266253936e-01 1.855595739618602080e-01 1.861505839001124651e-01 1.867213659663101710e-01 1.872715744726896059e-01 1.878024389142945449e-01 1.883155795840769642e-01
1.694086647448645455e-01 1.704438851262202737e-01 1.714577945852291396e-01 1.724476799327927523e-01 1.734160868152547774e-01 1.743619045625383057e-01 1.752829344147156798e-01 1.761821440356926838e-01 1.770578854945942526e-01 1.067464378565985639e+00 1.829880790391405776e-01 1.836624825144078099e-01 1.843156711058667740e-01 1.849475432995526525e-01 1.855588494810043454e-01 1.861496926121298523e-01 1.867203135449179430e-01 1.872714271807009445e-01 1.878017945187597237e-01 1.883139633667268442e-01
1.688984023603708196e-01 1.699482715476964556e-01 1.709771905413629001e-01 1.719812267967259778e-01 1.729644687749296583e-01 1.739254321469703435e-01 1.748597397812212961e-01 1.757728931475692202e-01 1.766623630675482060e-01 1.065171784490771767e+00 1.826892701515937523e-01 1.833750060650566061e-01 1.840392253090235575e-01 1.846815727111965344e-01 1.853036267978019902e-01 1.859046866049862967e-01 1.864852202483974764e-01 1.870464873612562029e-01 1.875860151836044321e-01 1.881067405084730915e-01
1.699487558323251046e-01 1.025829933446020359e+00 1.771409071301779659e-01 1.779844536847004499e-01 1.788036309009654323e-01 1.796014232407286138e-01 1.803751722383733769e-01 1.811277762502797317e-01 1.818579437428226586e-01 1.825633220651798339e-01 1.832506284534156094e-01 1.839158186125069150e-01 1.845605666273491541e-01 1.851840422217599924e-01 1.857856227603430777e-01 1.863679580355948884e-01 1.869302981318251011e-01 1.874729983034966463e-01 1.879962038918772116e-01 1.885005651194092691e-01
1.688887817147131931e-01 1.699387653887470817e-01 1.709682655548310781e-01 1.719725536110155717e-01 1.729561171080955806e-01 1.739168474434311662e-01 1.748522464552111078e-01 1.757657046143639712e-01 1.766554734509035718e-01 1.065137180007126982e+00 1.826841232238997637e-01 1.833700283363714489e-01 1.840342887460925392e-01 1.846771014198534400e-01 1.852994585740481703e-01 1.859007428597622413e-01 1.864814939717977238e-01 1.870426383675210247e-01 1.875823565675444615e-01 1.881036679449622495e-01
1.693572369760047713e-01 1.703943792049708028e-01 1.714067049855926006e-01 1.723990018189544560e-01 1.733666236650602266e-01 1.743130603474387363e-01 1.752336000590726528e-01 1.761333164778904614e-01 1.770096132094333974e-01 1.778589207432766106e-01 1.786903636453996969e-01 1.794977429536193936e-01 1.081699474389264282e+00 1.849468088447710490e-01 1.855568300936544235e-01 1.861472952381686419e-01 1.867175756853068913e-01 1.872686306190299299e-01 1.877988421103287120e-01 1.883104569643950232e-01
1.689675571360123862e-01 1.700157404184925447e-01 1.710424271014512609e-01 1.720458413972743572e-01 1.730262854480263679e-01 1.739831924306393662e-01 1.749181361197000018e-01 1.758294759116383887e-01 1.767171567312230962e-01 1.065494225571753217e+00 1.827305972735596418e-01 1.834147188790675176e-01 1.840777648757687956e-01 1.847193706085727138e-01 1.853395234081837428e-01 1.859392468528060505e-01 1.865184828086348390e-01 1.870777789322201068e-01 1.876161619221994314e-01 1.881364072446332081e-01
1.698537345654439201e-01 1.708782886183523864e-01 1.718796223001237689e-01 1.037161511362792998e+00 1.787541684594249336e-01 1.795514916185072252e-01 1.803291932974453171e-01 1.810833249074704498e-01 1.818149958810229005e-01 1.825235658559400398e-01 1.832107188013196997e-01 1.838769859162452669e-01 1.845230815169128236e-01 1.851483148872073992e-01 1.857511497815487189e-01 1.863347913067112116e-01 1.868984061745256608e-01 1.874417609110374805e-01 1.879661665438990270e-01 1.884723366140073353e-01
1.694206954074853055e-01 1.704554304503742013e-01 1.714691729996759562e-01 1.724588167112200698e-01 1.734271481417683503e-01 1.743718553012908457e-01 1.752933192509045779e-01 1.761922394787368285e-01 1.770676945561424076e-01 1.067527634976634943e+00 1.829950725666442402e-01 1.836695504211175445e-01 1.843225249396264476e-01 1.849539960560834251e-01 1.855654220909050689e-01 1.861560513487861279e-01 1.867264640566359268e-01 1.872771656263753637e-01 1.878072108401910856e-01 1.883195765584771142e-01
1.694051642536391622e-01 1.704401161154402711e-01 1.714548442447941246e-01 1.724458654328648588e-01 1.734143752563165608e-01 1.743575834204942887e-01 1.752821398890141158e-01 1.761816365134988849e-01 1.770576586379394024e-01 1.067476802729093954e+00 1.829880056046403469e-01 1.836626607125658173e-01 1.843161830483994734e-01 1.849486943421972673e-01 1.855603625684421609e-01 1.861514354988260123e-01 1.867222786901161780e-01 1.872725409866201618e-01 1.878035064949623856e-01 1.883167141075663686e-01
1.694209577856769511e-01 1.704560971366942956e-01 1.714694461763169586e-01 1.724594431768692593e-01 1.734272881949445455e-01 1.743725441931963938e-01 1.752935302507774573e-01 1.761924396160757522e-01 1.770678845561441672e-01 1.067519031596284806e+00 1.829959891599225452e-01 1.836700004113021034e-01 1.843231300059511857e-01 1.849548812790072772e-01 1.855657354154788830e-01 1.861563542281411132e-01 1.867267574048400436e-01 1.872776124229392769e-01 1.878079139513225415e-01 1.883198080609558289e-01
1.699724797608354598e-01 1.025968655503371352e+00 1.771594021477341241e-01 1.780024195275409504e-01 1.788210858703699058e-01 1.796189254761808296e-01 1.803907785324457003e-01 1.811427553355837716e-01 1.818723093205753816e-01 1.825764273965196915e-01 1.832634623611795466e-01 1.839284598686344585e-01 1.845728466343892205e-01 1.851952001571743611e-01 1.857965837659771302e-01 1.863784076151452640e-01 1.869402514349365885e-01 1.874830426961158203e-01 1.880052593841476660e-01 1.885091001072031203e-01
1.691747842994615059e-01 1.702162475531434349e-01 1.712330784000585526e-01 1.722296995859028401e-01 1.732020824836345840e-01 1.741529973736050119e-01 1.750777309555388850e-01 1.759818627949913117e-01 1.768625469155040431e-01 1.777168901962737635e-01 1.785515019119823243e-01 1.793637099603548057e-01 1.801532809393522894e-01 1.809185492397884787e-01 1.816611784265616814e-01 1.823816985757343023e-01 1.830797713278917715e-01 1.102537278209043237e+00 1.877419054877619842e-01 1.882559447348007009e-01
1.685562681239203831e-01 1.696135489105279337e-01 1.706502026639450387e-01 1.716625698813327716e-01 1.726532662057762291e-01 1.736203626434353331e-01 1.745641760129937881e-01 1.754851160068498228e-01 1.763823592337913915e-01 1.772573507799181658e-01 1.781040660323492120e-01 1.789311648479385009e-01 1.797353192201568139e-01 1.805158318816858232e-01 1.812738444610481614e-01 1.820088253403721046e-01 1.827210106171887616e-01 1.100466243207350425e+00 1.874802566063728249e-01 1.880054644034637734e-01
1.693285174516111213e-01 1.703661650819526807e-01 1.713796862919931274e-01 1.723724421071032853e-01 1.733409613748523592e-01 1.742873601863680344e-01 1.752101560982746165e-01 1.761106437480400855e-01 1.769877037211873283e-01 1.778390030754587459e-01 1.786702151449986731e-01 1.794782773390282138e-01 1.802641046666866309e-01 1.086160359509327211e+00 1.855499315832903062e-01 1.861407705540786550e-01 1.867114159391315142e-01 1.872621903967950641e-01 1.877930452074274281e-01 1.883054460865341007e-01
1.697823178258691390e-01 1.708089170721591166e-01 1.718115153575807408e-01 1.727929164351535152e-01 1.737505337053755206e-01 1.048117871582806782e+00 1.802983353038124514e-01 1.810533567634696195e-01 1.817859076135515950e-01 1.824943019994804960e-01 1.831832466525454839e-01 1.838508116197520026e-01 1.844976084001465899e-01 1.851232009773600973e-01 1.857272012002667005e-01 1.863116275574269731e-01 1.868760115053047233e-01 1.874205860331650542e-01 1.879454691564258206e-01 1.884521646657353056e-01
1.694080599844612345e-01 1.704434238191736006e-01 1.714572802534623797e-01 1.724476957383922759e-01 1.734157787297890552e-01 1.743608477913364541e-01 1.752828754903391906e-01 1.761821334465594191e-01 1.770579222604426184e-01 1.067465343791575316e+00 1.829882449967339952e-01 1.836624997767964396e-01 1.843158539204351742e-01 1.849481353515170512e-01 1.855591542167935870e-01 1.861500375525625695e-01 1.867206974845359857e-01 1.872714431290889991e-01 1.878021294038657030e-01 1.883144712331540072e-01
1.694050725435751470e-01 1.704394625672172037e-01 1.714546919673823611e-01 1.724454657845473637e-01 1.734141924371192245e-01 1.743565931848766737e-01 1.752820288914559155e-01 1.761815171130256263e-01 1.770575306717476760e-01 1.067485480980976620e+00 1.829874170347823292e-01 1.836621378857805076e-01 1.843154445939270136e-01 1.849479215519568287e-01 1.855599022537401943e-01 1.861509748496216476e-01 1.867218173362137079e-01 1.872719158486413904e-01 1.878027223955324176e-01 1.883162571637466420e-01
1.694059366750806095e-01 1.704406946969201642e-01 1.714554792090674518e-01 1.724458867459834621e-01 1.734145379658268982e-01 1.743580155547148347e-01 1.752822434494357429e-01 1.761816657330433356e-01 1.770576148697995678e-01 1.067480192062715716e+00 1.829875523917747493e-01 1.836622721793891300e-01 1.843154639525878269e-01 1.849479010529364864e-01 1.855596684526185369e-01 1.861506859411976300e-01 1.867214751888063851e-01 1.872717268309831984e-01 1.878024797147072600e-01 1.883157321592204281e-01
1.694070057069450019e-01 1.704420446549590462e-01 1.714563109962919663e-01 1.724471713915736726e-01 1.734150875543990222e-01 1.743583906819960727e-01 1.752826245598313737e-01 1.761819542211383038e-01 1.770578129370036780e-01 1.067475413942166496e+00 1.829878424373560242e-01 1.836620921747175450e-01 1.843154323058257826e-01 1.849481399269938819e-01 1.855592118012704406e-01 1.861501595449738256e-01 1.867208815511000319e-01 1.872710683979564583e-01 1.878019355613201324e-01 1.883148714473749930e-01
1.697505156637354462e-01 1.707774781639153638e-01 1.717810760798916259e-01 1.727622826628948949e-01 1.737212075222778762e-01 1.047956533496545717e+00 1.802747054673751181e-01 1.810303544237970019e-01 1.817635211107372639e-01 1.824727475847568448e-01 1.831617767112529993e-01 1.838300541933746701e-01 1.844770982394239867e-01 1.851028120990816372e-01 1.857078126732805701e-01 1.862927759130252325e-01 1.868576815872084462e-01 1.874034438224949917e-01 1.879286558341890234e-01 1.884351895961005330e-01
1.691963400432268672e-01 1.702371946506191780e-01 1.712535501066224652e-01 1.722495104258875975e-01 1.732212956674383797e-01 1.741715136001973918e-01 1.750961529105668768e-01 1.759997443990760080e-01 1.768798960502999118e-01 1.777339742230437392e-01 1.785679693793692790e-01 1.793795842285427766e-01 1.801685438827884123e-01 1.809335898858590863e-01 1.816756508333853826e-01 1.823957017987139495e-01 1.830933165787455297e-01 1.102613943653974804e+00 1.877518529356246302e-01 1.882657243091033772e-01
1.699729188657307655e-01 1.025970959313986075e+00 1.771600554227330815e-01 1.780030642951700992e-01 1.788217112560049060e-01 1.796188339715880655e-01 1.803920961376447307e-01 1.811441475625467090e-01 1.818737741884126069e-01 1.825783422964822877e-01 1.832656032910692789e-01 1.839302503330942640e-01 1.845746010053946340e-01 1.851974192938006802e-01 1.857986246669820762e-01 1.863805020213591124e-01 1.869423976859049541e-01 1.874848483607923499e-01 1.880072923345371405e-01 1.885114462471812746e-01
1.685541447900412715e-01 1.696122857591876032e-01 1.706485149259765188e-01 1.716617068347442432e-01 1.726521303548400055e-01 1.736192291997611936e-01 1.745634979917831953e-01 1.754846060407275199e-01 1.763820142903732291e-01 1.772557467472464787e-01 1.781043163406992591e-01 1.789314889565638833e-01 1.797360471335047727e-01 1.805170528656756812e-01 1.812747278956578778e-01 1.820098422142552297e-01 1.827221575713804946e-01 1.100472617330881864e+00 1.874814734163704200e-01 1.880068689521699199e-01
1.697515676952540686e-01 1.707783694501001370e-01 1.717821984584694817e-01 1.727637148693365321e-01 1.737224330170836495e-01 1.047956202234787471e+00 1.802762758259140730e-01 1.810319400216761909e-01 1.817651215450416802e-01 1.824746143420051814e-01 1.831638609196893919e-01 1.838316437071147447e-01 1.844788797635363575e-01 1.851048558239536679e-01 1.857095400470790691e-01 1.862945151110509956e-01 1.868594323884233410e-01 1.874049520180473827e-01 1.879303840149572358e-01 1.884369862505456961e-01
1.694199388565093278e-01 1.704544909919341600e-01 1.714685059725078176e-01 1.724585165010974197e-01 1.734267488329531148e-01 1.743707166679006326e-01 1.752931639446518863e-01 1.761921429817399076e-01 1.770676556059432027e-01 1.067531228797043541e+00 1.829950866465388792e-01 1.836694789343032985e-01 1.843224859619252420e-01 1.849542720822137665e-01 1.855656831860285905e-01 1.861563618721602253e-01 1.867268224353227923e-01 1.872771932561921038e-01 1.878075833135433859e-01 1.883200986320178183e-01
1.688913694213094729e-01 1.699413736474841841e-01 1.709692463129959261e-01 1.719740292904896051e-01 1.729562121175055589e-01 1.739155935688027343e-01 1.748510021062689157e-01 1.757639017023742700e-01 1.766531556917961543e-01 1.775183005873844644e-01 1.070156810671083703e+00 1.833857599674563466e-01 1.840497792717956660e-01 1.846921302191464054e-01 1.853130377888119740e-01 1.859135838293150544e-01 1.864936356060940270e-01 1.870536440383727683e-01 1.875932497941578403e-01 1.881140022633477071e-01
1.699733304718607507e-01 1.025971726092083092e+00 1.771603601553795870e-01 1.780029196718220796e-01 1.788218037102233815e-01 1.796194312028393802e-01 1.803921428847797825e-01 1.811441623558772973e-01 1.818737575927449890e-01 1.825792796448061361e-01 1.832650770521153660e-01 1.839301511029432235e-01 1.845740965794925026e-01 1.851968543210761042e-01 1.857984352123911442e-01 1.863802843821092126e-01 1.869421524564887360e-01 1.874843937473942013e-01 1.880068151147450128e-01 1.885111426085666897e-01
1.690455876471503305e-01 1.700903200487463296e-01 1.711158932057075255e-01 1.721159673663842649e-01 1.730949799054451732e-01 1.740492695951146584e-01 1.749827162159882654e-01 1.758919050960133512e-01 1.767774685312349936e-01 1.065857694656781263e+00 1.827758250886162006e-01 1.834580971853989884e-01 1.841189288337179708e-01 1.847585896177439957e-01 1.853778909211622472e-01 1.859760524554213701e-01 1.865537728110818194e-01 1.871116268139162153e-01 1.876482468086996813e-01 1.881674484959506566e-01
1.687205614710200197e-01 1.697745481347099072e-01 1.708080428711370724e-01 1.718170019381705105e-01 1.728042361807539395e-01 1.737677338650159553e-01 1.747085590821106926e-01 1.756260445213958243e-01 1.765198175333701214e-01 1.773916121192545547e-01 1.069408726873492199e+00 1.832884716760666000e-01 1.839557308677140235e-01 1.846016558042595512e-01 1.852263868387767076e-01 1.858303072974181180e-01 1.864136342164832982e-01 1.869768185901498625e-01 1.875192810270252253e-01 1.880431755703411700e-01
1.694065438528803147e-01 1.704420009117065538e-01 1.714561531608115308e-01 1.724464093285426047e-01 1.734150007497755608e-01 1.743602681400888976e-01 1.752824849662694695e-01 1.761818820289885457e-01 1.770578070162746875e-01 1.067465761568983540e+00 1.829885670187778313e-01 1.836631343685118378e-01 1.843165293967682639e-01 1.849486856638566934e-01 1.855601489807789106e-01 1.861511361700547984e-01 1.867218966791782675e-01 1.872728618520949351e-01 1.878033563369259640e-01 1.883160397951926524e-01
1.689505693045711410e-01 1.699993566541054824e-01 1.710265854107113348e-01 1.720309799849220889e-01 1.730118527895485592e-01 1.739684141098713777e-01 1.749048933820451790e-01 1.758167793473372209e-01 1.767049973580255562e-01 1.065427145830109001e+00 1.827213959543588784e-01 1.834061690180288640e-01 1.840696799211391232e-01 1.847119104043214166e-01 1.853324803885186278e-01 1.859326100252646496e-01 1.865122398751909993e-01 1.870714305983168235e-01 1.876103852477430112e-01 1.881313412530268570e-01
1.694059080952252938e-01 1.704405935975218112e-01 1.714554044595839322e-01 1.724461388844913123e-01 1.734146045154592586e-01 1.743576571555527366e-01 1.752822717162894894e-01 1.761816939212758615e-01 1.770576430952966740e-01 1.067480450506758549e+00 1.829876016712843612e-01 1.836621705858876852e-01 1.843155131095335908e-01 1.849479643178980337e-01 1.855596565530892583e-01 1.861506765621368520e-01 1.867214683972238942e-01 1.872717216622277192e-01 1.878023564615502738e-01 1.883157250741371302e-01
1.697507622802423566e-01 1.707776983413564487e-01 1.717812646907276586e-01 1.727624901768025356e-01 1.737213393199626144e-01 1.047957327257873272e+00 1.802747134355005554e-01 1.810303382207227307e-01 1.817634813094382851e-01 1.824726296540072068e-01 1.831616657607914589e-01 1.838299105138575529e-01 1.844769535832287422e-01 1.851026130690178462e-01 1.857075891300785930e-01 1.862925344949761253e-01 1.868574228209787802e-01 1.874032550500552285e-01 1.879283651505593011e-01 1.884348662553192166e-01
1.698332800794373487e-01 1.708582260696840105e-01 1.718596471702465711e-01 1.728396626767488287e-01 1.042777912536811957e+00 1.795489514967888445e-01 1.803233855306639877e-01 1.810774924269393793e-01 1.818091447392480853e-01 1.825163616379845144e-01 1.832046395074328760e-01 1.838713525473510413e-01 1.845174572310691319e-01 1.851417255374236681e-01 1.857452392065121749e-01 1.863288978072716318e-01 1.868925333356525609e-01 1.874369966168765167e-01 1.879611723159458070e-01 1.884664909825805312e-01
1.688376648296878724e-01 1.698883663386417664e-01 1.709184528583946316e-01 1.719242964282939601e-01 1.729082679746622442e-01 1.738679639307830760e-01 1.748061466799643859e-01 1.757204751254143604e-01 1.766111371652948625e-01 1.774800998944017494e-01 1.069919654598638026e+00 1.833550128863255801e-01 1.840198298161963009e-01 1.846632143959441863e-01 1.852856433669586855e-01 1.858872368480853354e-01 1.864683049917664759e-01 1.870292287935186593e-01 1.875694926592004208e-01 1.880915251739753435e-01
1.688978910885341744e-01 1.699476408211541001e-01 1.709765776776599744e-01 1.719814783819869630e-01 1.729640114603567813e-01 1.739227724462286129e-01 1.748596739688924873e-01 1.757728483349785265e-01 1.766623387358561836e-01 1.065181141957531219e+00 1.826888545652559370e-01 1.833743004734308957e-01 1.840386263372739972e-01 1.846816837805072553e-01 1.853033461399281323e-01 1.859044353388469573e-01 1.864849974027198987e-01 1.870455555991742957e-01 1.875852451495556017e-01 1.881066074541866140e-01
1.690234731833128445e-01 1.700690073057853913e-01 1.710950122647655336e-01 1.720957991069599902e-01 1.730752339492501457e-01 1.740301192183818790e-01 1.749642594697764786e-01 1.758740368375214802e-01 1.767601802359915764e-01 1.065756066549619296e+00 1.827628214894977954e-01 1.834454075687376451e-01 1.841067396614576579e-01 1.847470978272465481e-01 1.853665800429314392e-01 1.859651756343801421e-01 1.865433174936176053e-01 1.871014809990198535e-01 1.876386918642273527e-01 1.881581599928348336e-01
1.698957220619282948e-01 1.709192098011436678e-01 1.719189588422028458e-01 1.037383404514912399e+00 1.787845070635695754e-01 1.795831079278449871e-01 1.803566942498180392e-01 1.811096775634032374e-01 1.818402262483120868e-01 1.825463445171865984e-01 1.832337424995450770e-01 1.838991941917747508e-01 1.845442166962327768e-01 1.851678070007076460e-01 1.857700330536332101e-01 1.863527489957853278e-01 1.869154662024167801e-01 1.874589224562976664e-01 1.879821432133917114e-01 1.884867949004018772e-01
1.699336490236582342e-01 1.025740642410597037e+00 1.771288827370177676e-01 1.779722477289541749e-01 1.787919737653533570e-01 1.795911194985262971e-01 1.803640741393262581e-01 1.811169796351075612e-01 1.818474425996280397e-01 1.825534357465684876e-01 1.832404286919367131e-01 1.839061166868207475e-01 1.845508996089268439e-01 1.851744390296189147e-01 1.857765848704793499e-01 1.863591744647173087e-01 1.869217615421695233e-01 1.874649572905462136e-01 1.879880085283144875e-01 1.884926900876766620e-01
1.698293476134322133e-01 1.708543417591389946e-01 1.718555206832285964e-01 1.728351117719571506e-01 1.737916167371754694e-01 1.048362421839359238e+00 1.803292519117601633e-01 1.810830107037133541e-01 1.818143259002085177e-01 1.825211257813083021e-01 1.832091833636315947e-01 1.838756029093092659e-01 1.845212395964444252e-01 1.851454277562439299e-01 1.857485601252708285e-01 1.863319619276208039e-01 1.868953516785460678e-01 1.874393894572625174e-01 1.879635879351410632e-01 1.884686268248417784e-01
1.689038290411164212e-01 1.699538043104814600e-01 1.709825020969588383e-01 1.719873816046955106e-01 1.729699424763549986e-01 1.739286498263846736e-01 1.748655830531110067e-01 1.757787033356015549e-01 1.766681396018013606e-01 1.065212782945732073e+00 1.826937488693150813e-01 1.833793503642080491e-01 1.840436713046868511e-01 1.846867119405968261e-01 1.853083541011682767e-01 1.859094028396001408e-01 1.864899254310392052e-01 1.870503310980640710e-01 1.875900151966835572e-01 1.881115110054524808e-01
1.694194924154181492e-01 1.704541778729014856e-01 1.714681988190460138e-01 1.724582850712020332e-01 1.734264736968087750e-01 1.743703749344799603e-01 1.752931049532321928e-01 1.761921254678455173e-01 1.770676788253766620e-01 1.067529903358259258e+00 1.829954747709005847e-01 1.836697553304127428e-01 1.843228483790541050e-01 1.849547280614411704e-01 1.855660435441506828e-01 1.861567542530930541e-01 1.867272459941377860e-01 1.872776810627736488e-01 1.878080159317033482e-01 1.883206245173018878e-01
1.689420340056777825e-01 1.699913164194511994e-01 1.710187166253037683e-01 1.720228359145032915e-01 1.730042835033425153e-01 1.739625153190768603e-01 1.748978147890613843e-01 1.758099470572788425e-01 1.766984083276585404e-01 1.065381352328028663e+00 1.827170984558498523e-01 1.834019325336185835e-01 1.840655522783503362e-01 1.847079144857990407e-01 1.853286266183834796e-01 1.859289344818446932e-01 1.865087376837651356e-01 1.870683193333496641e-01 1.876075965526439460e-01 1.881283287840797847e-01
1.690206483491355494e-01 1.700673837083631068e-01 1.710928572042028362e-01 1.720950593018462649e-01 1.730743239996886951e-01 1.740290893888943591e-01 1.749637524085662921e-01 1.758738023595743105e-01 1.767602127371074860e-01 1.065746766649157573e+00 1.827636436522477315e-01 1.834468798312604565e-01 1.841089269549519014e-01 1.847496358274609007e-01 1.853689905285135775e-01 1.859677824254559741e-01 1.865461144770883817e-01 1.871040196230288333e-01 1.876417660955128630e-01 1.881616314728505324e-01
1.687122442501659825e-01 1.697671974950383522e-01 1.708002909783146173e-01 1.718093868664671564e-01 1.727969481750027680e-01 1.737621813537516546e-01 1.747014322820144572e-01 1.756191469832418806e-01 1.765131463285295466e-01 1.773833462161121532e-01 1.069371110064767372e+00 1.832839454756903796e-01 1.839515313863610557e-01 1.845972785086072709e-01 1.852221881220508515e-01 1.858262764711404447e-01 1.864097664260842002e-01 1.869736124876926198e-01 1.875160965263855672e-01 1.880397645020684128e-01
1.697509304419959064e-01 1.707775548949205247e-01 1.717816419229931113e-01 1.727638247115828030e-01 1.737226076548640252e-01 1.047951973665645742e+00 1.802763490294989890e-01 1.810320803347096053e-01 1.817653269227146318e-01 1.824753730323366296e-01 1.831638867440907592e-01 1.838320238719624578e-01 1.844795444432509035e-01 1.851052031597030523e-01 1.857102931352795638e-01 1.862953114843560187e-01 1.868602702533311566e-01 1.874058411736294893e-01 1.879308977441204453e-01 1.884379915993505961e-01
1.691832923970485736e-01 1.702245389976604906e-01 1.712412205996210746e-01 1.722375892874563885e-01 1.732097839530207795e-01 1.741603091928446145e-01 1.750852062306360868e-01 1.759891395353984367e-01 1.768696261492131161e-01 1.777237901872050774e-01 1.785583815792466944e-01 1.793702438026143486e-01 1.801596254515510365e-01 1.809248379949872643e-01 1.816671845039736222e-01 1.823875224524610372e-01 1.830854166504647940e-01 1.102569477555366939e+00 1.877461168941197689e-01 1.882599960255334770e-01
1.694062266072313971e-01 1.704407324741020191e-01 1.714557122605345485e-01 1.724459868441039212e-01 1.734147724511518329e-01 1.743582821312528730e-01 1.752822936958853550e-01 1.761816904134571038e-01 1.770576145542080149e-01 1.067480055615396495e+00 1.829875886257099071e-01 1.836621967868376226e-01 1.843154070749347118e-01 1.849475942690405605e-01 1.855594874334089428e-01 1.861504855453497698e-01 1.867212560644212482e-01 1.872717593431031946e-01 1.878022424973328219e-01 1.883154426849691920e-01
1.694064642457278613e-01 1.704410347811075033e-01 1.714558766001128276e-01 1.724460829327426892e-01 1.734149014836338931e-01 1.743586142863211841e-01 1.752823119438070287e-01 1.761816891425228293e-01 1.770575941157483124e-01 1.067480036733971183e+00 1.829873418086158110e-01 1.836621269305215853e-01 1.843153027403230670e-01 1.849473841919483108e-01 1.855593476844666634e-01 1.861503294069204728e-01 1.867210839720604698e-01 1.872716036831914843e-01 1.878020614964802104e-01 1.883152237091591241e-01
1.690221298434380071e-01 1.700681694863450943e-01 1.710940126268874761e-01 1.720953471493023579e-01 1.730749702259937184e-01 1.740302351543527026e-01 1.749639637132467118e-01 1.758738760767636078e-01 1.767601516450275356e-01 1.065750615268306500e+00 1.827630997067531127e-01 1.834462087560154719e-01 1.841079066886494864e-01 1.847480658854172009e-01 1.853678163411511814e-01 1.859665057938378607e-01 1.865447385213361287e-01 1.871030280147089886e-01 1.876401171203369855e-01 1.881599177314310090e-01
1.693016712774820798e-01 1.703402521256670576e-01 1.713542181473751980e-01 1.723481786736858201e-01 1.733170005783273293e-01 1.742636545069681242e-01 1.751875491796436035e-01 1.760887324050021130e-01 1.769664800815757000e-01 1.778182709816951146e-01 1.786502524244087120e-01 1.794588098766802808e-01 1.802454835895297702e-01 1.086053764477403094e+00 1.855359462566138762e-01 1.861273098795220571e-01 1.866984649840023047e-01 1.872494978587428971e-01 1.877811290543835998e-01 1.882938919693244173e-01
1.698542237163756241e-01 1.708789583674658052e-01 1.718799829121839262e-01 1.037162783197727700e+00 1.787548711423816716e-01 1.795536589927891613e-01 1.803289328682290971e-01 1.810830255406602474e-01 1.818146583950895068e-01 1.825219289818740265e-01 1.832099081741222490e-01 1.838767800200445945e-01 1.845230441869437077e-01 1.851472728936312540e-01 1.857507050914159741e-01 1.863343105059745430e-01 1.868978901706002393e-01 1.874421228372553649e-01 1.879658974943096694e-01 1.884717137863399505e-01
1.694192593333431474e-01 1.704535203881318572e-01 1.714679275586933338e-01 1.724580872069917115e-01 1.734263069273372093e-01 1.743694263236068298e-01 1.752930099080284299e-01 1.761920384818933538e-01 1.770675995850017614e-01 1.067536067991193605e+00 1.829951119662011350e-01 1.836693644989258467e-01 1.843223978509808958e-01 1.849543450206848350e-01 1.855658186103963658e-01 1.861565412999142410e-01 1.867270444902985327e-01 1.872772441547513878e-01 1.878076393465021865e-01 1.883204652666827794e-01
1.698541901214416505e-01 1.708790341435532378e-01 1.718799163304709499e-01 1.037164422385826512e+00 1.787546119989175675e-01 1.795525808688804570e-01 1.803289954214986057e-01 1.810830814912987585e-01 1.818147082387330804e-01 1.825220003519376077e-01 1.832101877014666591e-01 1.838765454834364876e-01 1.845229348153156479e-01 1.851477269123471270e-01 1.857505741699464474e-01 1.863341827252117111e-01 1.868977658392054764e-01 1.874416042304031249e-01 1.879657224455336950e-01 1.884715728707332671e-01
1.685629090716131151e-01 1.696200573946968215e-01 1.706567823076111656e-01 1.716686661080275567e-01 1.726595245466070183e-01 1.736270317899675231e-01 1.745704582296023766e-01 1.754913044983886505e-01 1.763884558179310003e-01 1.772628618780384135e-01 1.781104285913429341e-01 1.789373824652464584e-01 1.797412625806258102e-01 1.805217359245964437e-01 1.812797373081082020e-01 1.820146318043151801e-01 1.827267329979526400e-01 1.100500904436710226e+00 1.874847364355002599e-01 1.880099232384229990e-01
1.690238545757266619e-01 1.700701813818053798e-01 1.710955088004961488e-01 1.720962988662202708e-01 1.730758699771384745e-01 1.740326984224062068e-01 1.749643954867289852e-01 1.758741723724556449e-01 1.767603154391468867e-01 1.065741040370779880e+00 1.827634520755784808e-01 1.834463796538158276e-01 1.841079622082293366e-01 1.847478522172666393e-01 1.853672649107897530e-01 1.859658418697020810e-01 1.865439657814024765e-01 1.871026437219924510e-01 1.876399180077168716e-01 1.881587487439553008e-01
1.688802637610871960e-01 1.699309478098153803e-01 1.709603929676827838e-01 1.719658703108998543e-01 1.729492674160217625e-01 1.739085401789376706e-01 1.748462956053599693e-01 1.757600902253056985e-01 1.766501902827558312e-01 1.065111267654045957e+00 1.826799830958223125e-01 1.833664546656056937e-01 1.840312103207432104e-01 1.846747271719580974e-01 1.852970511959123323e-01 1.858985960171695428e-01 1.864795997281065987e-01 1.870403232126653381e-01 1.875804748651296316e-01 1.881025736481661825e-01
1.690225899600336368e-01 1.700691159643433759e-01 1.710945228470000801e-01 1.720956765335142913e-01 1.730751067958681555e-01 1.740314790837904912e-01 1.749641647910949449e-01 1.758740495008837001e-01 1.767602981575152610e-01 1.065742933731637976e+00 1.827636964057359203e-01 1.834466420129734210e-01 1.841082362931039385e-01 1.847486858249504371e-01 1.853679663869218508e-01 1.859666286903501331e-01 1.865448352953665290e-01 1.871030191567257805e-01 1.876407435017526659e-01 1.881599099746867898e-01
1.699251363710285179e-01 1.709480686420274953e-01 1.719469555797603910e-01 1.037552368102020894e+00 1.788070815466483998e-01 1.796041082316497672e-01 1.803778232530733605e-01 1.811301963537979287e-01 1.818601451512300016e-01 1.825655780249290927e-01 1.832522616316989150e-01 1.839175310514780115e-01 1.845622447142402089e-01 1.851851724215660133e-01 1.857869985586210471e-01 1.863691859124508299e-01 1.869313889294572373e-01 1.874740869930733855e-01 1.879966735481363449e-01 1.885013698315108344e-01
