2.559988715687821492e-01 2.568979055729853633e-01 2.566667160558946392e-01 2.581812546713089240e-01 2.583854521278637351e-01 2.580782693565470964e-01 2.591568539764603218e-01 2.595529211631875111e-01 2.599509050246674446e-01 2.593849294693884033e-01 2.605573086444971653e-01 2.616551608180183175e-01 2.625407454678436170e-01 2.627691309170671063e-01 2.633689653943024345e-01 2.637857596664199833e-01 2.642046164281259824e-01 2.638599424728328979e-01 2.650016975431954136e-01 2.656739317783596288e-01
2.589957895513827490e-01 2.592977070449732357e-01 2.593813934890495942e-01 2.597128763819600561e-01 2.599543142311745991e-01 2.600260671486262498e-01 2.603352266375573709e-01 2.605025660135794618e-01 2.606702170618949155e-01 2.604588685936042869e-01 2.611007550025525870e-01 2.614654777264890928e-01 2.616200000039821116e-01 2.619329976598913645e-01 2.620982840257775615e-01 2.622689562874082059e-01 2.624399490487641651e-01 2.622580834207380307e-01 2.627353311124892565e-01 2.630399876380702939e-01
2.628059094930119133e-01 2.630479891737049769e-01 2.631678805216538519e-01 2.633925798122012107e-01 2.635594611211626304e-01 2.637396249805661341e-01 2.640037093862384610e-01 2.641532107406774910e-01 2.643028729103235608e-01 2.641312372438450740e-01 2.647507410724272425e-01 2.650486151766463516e-01 2.652025071034938009e-01 2.653461916800256559e-01 2.655773773365905921e-01 2.657285825591361728e-01 2.658799424274045919e-01 2.657743336838523929e-01 2.661566501881770797e-01 2.664083918031227571e-01
2.665601479914588845e-01 2.668078211700359303e-01 2.669304272903744724e-01 2.671601776066183098e-01 2.673309027794341097e-01 2.675152054543453173e-01 2.677853022582319942e-01 2.679382211785570345e-01 2.680913051176253559e-01 2.679158588568656407e-01 2.685494982365973504e-01 2.688541408556372470e-01 2.690114291118483325e-01 2.691584290516574884e-01 2.693949809602592116e-01 2.695496479516923394e-01 2.697044736544290666e-01 2.695961764071921896e-01 2.699874226565034951e-01 2.702450295754214027e-01
2.665969425243045476e-01 2.679211406899429382e-01 2.678545047434090498e-01 2.684798148772066240e-01 2.685045966460144484e-01 2.704549597803803107e-01 2.703378215620604874e-01 2.708075480546863201e-01 2.712796922701368185e-01 2.691979593715484453e-01 2.729722247797317092e-01 2.738288415011589927e-01 2.739856419102273399e-01 2.752529877965058103e-01 2.753385820051654220e-01 2.758346275727621699e-01 2.763332753112696660e-01 2.758491438289602526e-01 2.780627213836929790e-01 2.780880968949502319e-01
2.759928260788471199e-01 2.764117998601599013e-01 2.764917853789233271e-01 2.767153302917989555e-01 2.767131792599900053e-01 2.771832360205279122e-01 2.776331757044133708e-01 2.778383282199871629e-01 2.780439772390165265e-01 2.778585170631466261e-01 2.787211355833489335e-01 2.790973085500351725e-01 2.792310078007094742e-01 2.795283674902921955e-01 2.797976338657094386e-01 2.800080673235049167e-01 2.802190231391094022e-01 2.801281596249175498e-01 2.806959699160117561e-01 2.809587426226429763e-01
2.797859380116370920e-01 2.799479423687503687e-01 2.803224267852003071e-01 2.802719782466153164e-01 2.807691404612859820e-01 2.814992303258882500e-01 2.815058025842607226e-01 2.817227102297816255e-01 2.819401814457711541e-01 2.817278496382295550e-01 2.826540932748842216e-01 2.831135988981998142e-01 2.832528769334480834e-01 2.832935320051304662e-01 2.838062826114796100e-01 2.840292902227655736e-01 2.842528936391418570e-01 2.841740406664333141e-01 2.847285817961878740e-01 2.850429535981592877e-01
2.850240888808500128e-01 2.853404260572971474e-01 2.854342794164848041e-01 2.857183360903282621e-01 2.858856199997236724e-01 2.861536104691572158e-01 2.863860481693519255e-01 2.865560208744726833e-01 2.867261794935127006e-01 2.864423302432724805e-01 2.872273932481496095e-01 2.875747136286027072e-01 2.877553076455273140e-01 2.879316618148521356e-01 2.881751421496419607e-01 2.883470847809594950e-01 2.885192062560401616e-01 2.883903079497833755e-01 2.888551636599027694e-01 2.891201990124542265e-01
2.876357665467352831e-01 2.875514510219343012e-01 2.882557103074885885e-01 2.883107578834771534e-01 2.886061022778189655e-01 2.893175010505316114e-01 2.897113131074537939e-01 2.899714322285045776e-01 2.902323928720236812e-01 2.905751172408851946e-01 2.913362463110609757e-01 2.915631600126140643e-01 2.917593814621986525e-01 2.917970801739185327e-01 2.924685857946225376e-01 2.927376252582204463e-01 2.930075679670043898e-01 2.919879618813203126e-01 2.938997636270221370e-01 2.939493999508122624e-01
2.964025841842928277e-01 2.958479235441534572e-01 2.972118927633338181e-01 2.966888704048682990e-01 2.975941543044741122e-01 2.972430305798133277e-01 2.990242669611541948e-01 2.993613357172707490e-01 2.996997619332832929e-01 3.018318807397645798e-01 3.009058873917107024e-01 3.014075178855357140e-01 3.015577188262352770e-01 3.017191971002355366e-01 3.026614716532389782e-01 3.030130647328634907e-01 3.033661348576573991e-01 3.028753743621569461e-01 3.035003800886789671e-01 3.046091938956542178e-01
2.993168572091624569e-01 2.996397690081162857e-01 2.997566788864208798e-01 3.000519371507728295e-01 3.002367321342814255e-01 3.005247196722817260e-01 3.007854482969021248e-01 3.009687575477429933e-01 3.011522685042695713e-01 3.008712894793915127e-01 3.017217264079166128e-01 3.020646942186615003e-01 3.022574188055944244e-01 3.024430521990956189e-01 3.027151641502150992e-01 3.029006065334471365e-01 3.030862430200439439e-01 3.029408963938015620e-01 3.034452667311173801e-01 3.037344282847151411e-01
3.039204646271010946e-01 3.042515218491909645e-01 3.043706339962629626e-01 3.046731551854561793e-01 3.048620821673889147e-01 3.051573145561771172e-01 3.054235297241670866e-01 3.056111437203880010e-01 3.057989644191037026e-01 3.055108226115368364e-01 3.063818464232919148e-01 3.067327968065742816e-01 3.069299851477390040e-01 3.071200292922273700e-01 3.073985894527135887e-01 3.075883890099335161e-01 3.077783874688662102e-01 3.076289489145962452e-01 3.081457189955957854e-01 3.084418083405924826e-01
3.086322057784112172e-01 3.089716751509136716e-01 3.090929829659453953e-01 3.094029950646519089e-01 3.095961284099980060e-01 3.098988350387386626e-01 3.101706067992926474e-01 3.103626328579559557e-01 3.105548706815761117e-01 3.102593263308046634e-01 3.111514947321001312e-01 3.115106358247314855e-01 3.117124011113815985e-01 3.119069669685669566e-01 3.121921386733291226e-01 3.123864033908865245e-01 3.125808718650333051e-01 3.124271734310345994e-01 3.129567051677832890e-01 3.132599053799220989e-01
3.132997144446244553e-01 3.135779975031748323e-01 3.138568136640361717e-01 3.143847740285743431e-01 3.145409257753015164e-01 3.145698351337705700e-01 3.152307269172432980e-01 3.154769869492671797e-01 3.157238493664437096e-01 3.156331559008988541e-01 3.165741275546503086e-01 3.170420923365597776e-01 3.173358549057533340e-01 3.174642353365711989e-01 3.178685570631186175e-01 3.181214818677793876e-01 3.183750450973144019e-01 3.181194455998593296e-01 3.188457424769955417e-01 3.192685107659429256e-01
3.186138535870264299e-01 3.189549833894230746e-01 3.190966180659269846e-01 3.194095387959717813e-01 3.196178811378538320e-01 3.199089363674041397e-01 3.202271211251829786e-01 3.204285120102325912e-01 3.206301251762460058e-01 3.203491820440895199e-01 3.212713864249853724e-01 3.216329216163230642e-01 3.218413639115063063e-01 3.220421184222591049e-01 3.223473953114540103e-01 3.225511344966346394e-01 3.227550875145526743e-01 3.226129114412683574e-01 3.231411317900504954e-01 3.234672666081920278e-01
3.187557091714640634e-01 3.204944873253228188e-01 3.202658048981452676e-01 3.218941412197076080e-01 3.222496706286219204e-01 3.226962679135762513e-01 3.236697391222594367e-01 3.242851822371486947e-01 3.249039200619357470e-01 3.216103320595734005e-01 3.273164477725213906e-01 3.280207231731324669e-01 3.293523559460380112e-01 3.299525669173029585e-01 3.302181334566270943e-01 3.308694238778202568e-01 3.315242635460442511e-01 3.318566036798252239e-01 3.334438263760137744e-01 3.338217008409349318e-01
3.315266685365195753e-01 3.319563270606987193e-01 3.320423837867901851e-01 3.324401357159443293e-01 3.326257295541805714e-01 3.329804160652481415e-01 3.332376846028641815e-01 3.334512157555907241e-01 3.336649824940235431e-01 3.332592288720134799e-01 3.342849208884445811e-01 3.347316483647128638e-01 3.349652124517745189e-01 3.351927991739371837e-01 3.354854343696969110e-01 3.357014567916857817e-01 3.359177056412813722e-01 3.356996167279211463e-01 3.363540382981380916e-01 3.366727786073325790e-01
3.366623806597334734e-01 3.369611850691777155e-01 3.372075955131901281e-01 3.375735844632187233e-01 3.378572392051910622e-01 3.383192158247207981e-01 3.385041809247597566e-01 3.387350083753353780e-01 3.389661745685209060e-01 3.387336713219423201e-01 3.396882780864312612e-01 3.401511244678161461e-01 3.403585628715495304e-01 3.405074234375978226e-01 3.409436336154871294e-01 3.411780817131713217e-01 3.414128711622242962e-01 3.408842147216328278e-01 3.419348258232894344e-01 3.422335327097624780e-01
3.424333760754202372e-01 3.428821177725399072e-01 3.429734440273209950e-01 3.433896281700972164e-01 3.435848654971667138e-01 3.439568402107349709e-01 3.442262019050856270e-01 3.444499427839575190e-01 3.446739298027203247e-01 3.442506958241539072e-01 3.453275192749205025e-01 3.457914554760169734e-01 3.460353606082093858e-01 3.462727002069435622e-01 3.465814549438538394e-01 3.468077972866626113e-01 3.470343760586518389e-01 3.468036775924130954e-01 3.474908067014980118e-01 3.478255194047527588e-01
3.480524954594492737e-01 3.485133648920564209e-01 3.486052937313622313e-01 3.490324265159759354e-01 3.492315221552204640e-01 3.496133646903878955e-01 3.498873585468523784e-01 3.501163432715361790e-01 3.503455793552199826e-01 3.499108144640349916e-01 3.510139397704719610e-01 3.514892212439603147e-01 3.517388104063282062e-01 3.519818702665095111e-01 3.522978088071977432e-01 3.525294495307703113e-01 3.527613316035711488e-01 3.525233714683060904e-01 3.532282722553908294e-01 3.535709921140789969e-01
3.538032624075771460e-01 3.542766600424299139e-01 3.543690585648936464e-01 3.548074846138885574e-01 3.550104461918009435e-01 3.554024618789098366e-01 3.556810303140100493e-01 3.559153663591417827e-01 3.561499589346837080e-01 3.557032751876385013e-01 3.568333307514046648e-01 3.573202387551140946e-01 3.575756354491027578e-01 3.578245403365972188e-01 3.581478030908031296e-01 3.583848491248304846e-01 3.586221413650048095e-01 3.583766116615785813e-01 3.590997885669000023e-01 3.594506912475475269e-01
3.537152709424618013e-01 3.565604212476802259e-01 3.557486369365271961e-01 3.582852531074396940e-01 3.583303371078220279e-01 3.594072676881925332e-01 3.605759350377133465e-01 3.614337014435106687e-01 3.622962538996690185e-01 3.590755206808572408e-01 3.646112565164242314e-01 3.663286470401529993e-01 3.677624769059172349e-01 3.692217062676273476e-01 3.697108504284536967e-01 3.706203243915540124e-01 3.715349138552888619e-01 3.709590342642346550e-01 3.729865196234415925e-01 3.747326627041791536e-01
3.702027715702384536e-01 3.708266022830150055e-01 3.708359863420822022e-01 3.714348286508252217e-01 3.715861445087590420e-01 3.720778872061146769e-01 3.722826180623911574e-01 3.725418170561093922e-01 3.728013633664687965e-01 3.721905580539219827e-01 3.734006226917124804e-01 3.740889573862632989e-01 3.743878848209518662e-01 3.746971368606228925e-01 3.750105101362135596e-01 3.752733841363058986e-01 3.755366025903512095e-01 3.751004760579664810e-01 3.761169564539175725e-01 3.764544542620050227e-01
3.767905120335197089e-01 3.774582696120060143e-01 3.774200149013733352e-01 3.780226552374525428e-01 3.781690646012845214e-01 3.787169174227026924e-01 3.788388805423444916e-01 3.790943621343346726e-01 3.793501191041708243e-01 3.786945754274513853e-01 3.798939572684570942e-01 3.806299444524633979e-01 3.809327042241545391e-01 3.812240961584070220e-01 3.815274911220354337e-01 3.817858845770385479e-01 3.820445416021427953e-01 3.816002030345781448e-01 3.825947126548889243e-01 3.829474839013932708e-01
3.813352414309665317e-01 3.830905672227844505e-01 3.829162324929507033e-01 3.851127632999518657e-01 3.853974400443128667e-01 3.878851596230291632e-01 3.863920094304573727e-01 3.870415025214143934e-01 3.876942118652583757e-01 3.834905272856299341e-01 3.894088242682107182e-01 3.910742446888174628e-01 3.924140173306271406e-01 3.923407855829849633e-01 3.934142887309032832e-01 3.940999274006143915e-01 3.947890236069556136e-01 3.956464221350882715e-01 3.961871031450356906e-01 3.972475447190251252e-01
3.856287852735439392e-01 3.845980917251406450e-01 3.870024210499146688e-01 3.860184984929079244e-01 3.878750486866178182e-01 3.892425608215032140e-01 3.898335228598998059e-01 3.903809198347270026e-01 3.909307499331530766e-01 3.923160424837209281e-01 3.931980232389241658e-01 3.940759509983046693e-01 3.939412755935440824e-01 3.938584083349793152e-01 3.957868853231133466e-01 3.963610341003457327e-01 3.969378257827883560e-01 3.970583845370510012e-01 3.977922958401796105e-01 3.989954410496649451e-01
4.003189784812141161e-01 4.008859730246428499e-01 4.009904352513047887e-01 4.015181528375018627e-01 4.017528071559289815e-01 4.022060878394487227e-01 4.025354945209929092e-01 4.028120411886885188e-01 4.030888782037024276e-01 4.025454419047372889e-01 4.039001870965081564e-01 4.044633013518959541e-01 4.047682842955312443e-01 4.050485650814747984e-01 4.054462201605544269e-01 4.057258327779321716e-01 4.060057224206691795e-01 4.057659294407902073e-01 4.065311681707661773e-01 4.069830200876484172e-01
4.066990436325791380e-01 4.073746088098920137e-01 4.075319395725862659e-01 4.078610181975576565e-01 4.083521901731457793e-01 4.090006810267977078e-01 4.093708889019737063e-01 4.097061348050456409e-01 4.100420937931482102e-01 4.093842474701880896e-01 4.111802627376358044e-01 4.117078858188730206e-01 4.120535516914953789e-01 4.124246150099868946e-01 4.129138892270534655e-01 4.132568194265437977e-01 4.136004947328810744e-01 4.135211937722454989e-01 4.142964909247913718e-01 4.148105691421618557e-01
4.145984288200052492e-01 4.151959553349707788e-01 4.152983754976228292e-01 4.158541798878691020e-01 4.160981428286271155e-01 4.165776559816971591e-01 4.169150151660875880e-01 4.172040228569964260e-01 4.174933279432760380e-01 4.169092568600365478e-01 4.183547487963168443e-01 4.189265125501210885e-01 4.192476327494898403e-01 4.195406550520499600e-01 4.199566898922946767e-01 4.202488358343813846e-01 4.205412648420387423e-01 4.203019191400929055e-01 4.210885522669330916e-01 4.215623387981501935e-01
4.209399656237085563e-01 4.213916371265374328e-01 4.218151957529396312e-01 4.220810327053719502e-01 4.226951883839867308e-01 4.232223616741089267e-01 4.237305769737326200e-01 4.240870358905755033e-01 4.244442799011575174e-01 4.243635473174862671e-01 4.256160083231309565e-01 4.263262374732170179e-01 4.265312884153082962e-01 4.269238726045442300e-01 4.275579001442634253e-01 4.279231609459335228e-01 4.282892505938123984e-01 4.278808148502469821e-01 4.289977799594495433e-01 4.295747647815637560e-01
4.232400237116394348e-01 4.241391775234598094e-01 4.248719802213344887e-01 4.251113330730421636e-01 4.252957718536480303e-01 4.252903350018645834e-01 4.279453134875950693e-01 4.285270887745352142e-01 4.291113102991699346e-01 4.296667178943454624e-01 4.312651674670724966e-01 4.321955266089615999e-01 4.325175358925676394e-01 4.335271174487276835e-01 4.340879022224894968e-01 4.346953952640639773e-01 4.353055260135571536e-01 4.348448358747529774e-01 4.352462724979938580e-01 4.374016055231499389e-01
4.378640437138527353e-01 4.385528172456973905e-01 4.386692376597758347e-01 4.392356778281160112e-01 4.395428694386470658e-01 4.401991018987819193e-01 4.405541010331761598e-01 4.408906572564486037e-01 4.412277359462565274e-01 4.406478046677645977e-01 4.422178098409552671e-01 4.429347041975137955e-01 4.432484837499431340e-01 4.436277973846329270e-01 4.441067738069809923e-01 4.444489162958126238e-01 4.447915897521898532e-01 4.442966823987750669e-01 4.455565056227761556e-01 4.459894834716395806e-01
4.457842022006138216e-01 4.462938545619099528e-01 4.466074535746699103e-01 4.470919480662562395e-01 4.475619262008241894e-01 4.480694590376360642e-01 4.484267090396590882e-01 4.487578551323495590e-01 4.490894304276329962e-01 4.486398724786205272e-01 4.499816374380934958e-01 4.508140526969200979e-01 4.511397022556004610e-01 4.513145290367288065e-01 4.519235370489774195e-01 4.522592588857458629e-01 4.525954081954383090e-01 4.521834670762550634e-01 4.532552451569724639e-01 4.537719085157988497e-01
4.497612411581723424e-01 4.497833466906968614e-01 4.512806687504822833e-01 4.505131920574304005e-01 4.521448908837800151e-01 4.533119767726968563e-01 4.547103131210374904e-01 4.553530366771980087e-01 4.559984342261779733e-01 4.573569958925337575e-01 4.584326817000757281e-01 4.596091004632489874e-01 4.595176180357430362e-01 4.599326420605309718e-01 4.616831268148153256e-01 4.623551530386653674e-01 4.630300608192661760e-01 4.630928380004525335e-01 4.642273126140598061e-01 4.654408106194178885e-01
4.567686489976549580e-01 4.580147675078171665e-01 4.587499261544374374e-01 4.576318249014781347e-01 4.600425650767956398e-01 4.633593547771671650e-01 4.625282180424219458e-01 4.632738962174345332e-01 4.640228896775205336e-01 4.629387653901667621e-01 4.665224426589790196e-01 4.682140553101454272e-01 4.684608171906416429e-01 4.688482772427859935e-01 4.706155711871191638e-01 4.713979541084171165e-01 4.721838779950768838e-01 4.719575889491155474e-01 4.742558901160391360e-01 4.749928848124515546e-01
4.750412912953679290e-01 4.756320273579415780e-01 4.758633181001728496e-01 4.763689082003725317e-01 4.767177086254070772e-01 4.771888573475513429e-01 4.777454296073726514e-01 4.780827245841965945e-01 4.784203237069583614e-01 4.779401785957279047e-01 4.796019465748123101e-01 4.800946728228017157e-01 4.804122338923972335e-01 4.807412295280798498e-01 4.812944971185267318e-01 4.816349837868588168e-01 4.819757556126529341e-01 4.818039163572031547e-01 4.825470446701614069e-01 4.831654934933158896e-01
4.835061759326714226e-01 4.841126729254719985e-01 4.843434847055069215e-01 4.848617184000842406e-01 4.852144460289481986e-01 4.856966655695478807e-01 4.862596353967458263e-01 4.866030472101296467e-01 4.869467610646727729e-01 4.864543148279437679e-01 4.881501320520478804e-01 4.886506898002886401e-01 4.889735529930453461e-01 4.893084301544242121e-01 4.898727718153783051e-01 4.902193513826723636e-01 4.905662132692937272e-01 4.903869844702573033e-01 4.911452577782711160e-01 4.917771683896236534e-01
4.895369725797434901e-01 4.903612133856113942e-01 4.905816309729206237e-01 4.917431787827575285e-01 4.919595721371244901e-01 4.922470744782291852e-01 4.929545022716255165e-01 4.933833955489935752e-01 4.938131910015031711e-01 4.928675786294417493e-01 4.953354228521132385e-01 4.960448552699866509e-01 4.964591858637210642e-01 4.967807121828173855e-01 4.975089148813404138e-01 4.979477112244843906e-01 4.983874494402998345e-01 4.980950195907962175e-01 4.988691462962714929e-01 4.999183905656464644e-01
5.012873011420296843e-01 5.019203053126778391e-01 5.021599646966017350e-01 5.026841751879125297e-01 5.030531763217714891e-01 5.035712008203868661e-01 5.041390234130562753e-01 5.044946082543573240e-01 5.048504879035318194e-01 5.043511148493069474e-01 5.060977512068738360e-01 5.066156300972683990e-01 5.069480294734959314e-01 5.072860627228815700e-01 5.078795743271116159e-01 5.082382469815565074e-01 5.085971931553885383e-01 5.083857926412246320e-01 5.091805975312696519e-01 5.098502057536703491e-01
5.102089066806831941e-01 5.108584962991212786e-01 5.110962750822157785e-01 5.116330463632552394e-01 5.120051500673000744e-01 5.125350916781971078e-01 5.131072356112544863e-01 5.134685868974369072e-01 5.138302279654042293e-01 5.133184359328871738e-01 5.150979983085178793e-01 5.156230278471252149e-01 5.159602815767629913e-01 5.163035401783393485e-01 5.169080606093875430e-01 5.172724448236072359e-01 5.176370967309494864e-01 5.174166342182541234e-01 5.182265881253741435e-01 5.189099697065704397e-01
5.036744935140090584e-01 5.029848431154939625e-01 5.059102705629995311e-01 5.072089515702304929e-01 5.085220899611465617e-01 5.052168957628173640e-01 5.120824011994853375e-01 5.131301007876925002e-01 5.141823585450320255e-01 5.185398136801613322e-01 5.178733476389929535e-01 5.190695932530248191e-01 5.195251606964763624e-01 5.213639321791593284e-01 5.232006339439997378e-01 5.242954652449000053e-01 5.253950390793831193e-01 5.238286070656612559e-01 5.264040972742730640e-01 5.291995338184405373e-01
5.311967145739875384e-01 5.320115544644639094e-01 5.323737763380774757e-01 5.339978705065252518e-01 5.338522359374104909e-01 5.338938265249989490e-01 5.350749194718341650e-01 5.355547061515542051e-01 5.360355028575538583e-01 5.352023852791293335e-01 5.370126718345094030e-01 5.382909017977188793e-01 5.390259681897455746e-01 5.392588551293879817e-01 5.401068191582628630e-01 5.405972548714810255e-01 5.410887396705356123e-01 5.408916384124859977e-01 5.417286687221365415e-01 5.428003852073345348e-01
5.430601143834410394e-01 5.439410291534367836e-01 5.440155051959774113e-01 5.447631757175170897e-01 5.450466482694328318e-01 5.457482645982777436e-01 5.461094883747640294e-01 5.464894072192041374e-01 5.468695880186542624e-01 5.461961599753816232e-01 5.478606609196313704e-01 5.487672759389130572e-01 5.491361552515477973e-01 5.495155975045704633e-01 5.501036426412753144e-01 5.504862922137684356e-01 5.508691787760470193e-01 5.502583052614258285e-01 5.515194773653968596e-01 5.522052182644350271e-01
5.525878275163756959e-01 5.534921302623942996e-01 5.535564067781151287e-01 5.543220924329748112e-01 5.546034478600586626e-01 5.553216964022885671e-01 5.556759425711708111e-01 5.560606295313618164e-01 5.564455681664536302e-01 5.557548524952731217e-01 5.574428074399695454e-01 5.583661288050133509e-01 5.587393309949687525e-01 5.591234017072195250e-01 5.597196991037851621e-01 5.601070067430260480e-01 5.604945402444341251e-01 5.598616926923561943e-01 5.611493755532872552e-01 5.618467301594850527e-01
5.622339040639890984e-01 5.631619625004112839e-01 5.632150254342117579e-01 5.639988952079797446e-01 5.642774234067688965e-01 5.650124126836012506e-01 5.653584243081213323e-01 5.657475842582878611e-01 5.661369843558556880e-01 5.654287522706559210e-01 5.671390763419563719e-01 5.680788574467771079e-01 5.684560853441491535e-01 5.688444759590494115e-01 5.694486399307703284e-01 5.698402974283443001e-01 5.702321684156262949e-01 5.695766321474503568e-01 5.708907345847477055e-01 5.715994251335684284e-01
5.719908499469633645e-01 5.729430043176655385e-01 5.729837936102356588e-01 5.737859877845773449e-01 5.740609354734633740e-01 5.748127426221334435e-01 5.751491947487012979e-01 5.755425021656112028e-01 5.759360369384676215e-01 5.752100843637439898e-01 5.769415659910845928e-01 5.778975072421022041e-01 5.782784347186139540e-01 5.786708060272045540e-01 5.792824072164730609e-01 5.796780758150954505e-01 5.800739442755555864e-01 5.793950065060621268e-01 5.807353725434528657e-01 5.814550778442706402e-01
5.818504094463946563e-01 5.828269694267993462e-01 5.828543813073179258e-01 5.836750092133439205e-01 5.839455810208330488e-01 5.847142495075735580e-01 5.850397516507790385e-01 5.854368504477903690e-01 5.858341625397242014e-01 5.850903126180423408e-01 5.868416119376506090e-01 5.878133593366786647e-01 5.881976312685003316e-01 5.885936133414386706e-01 5.892121783945248881e-01 5.896114887392146509e-01 5.900109840634097935e-01 5.893079373085449157e-01 5.906743434548498151e-01 5.914046981550122872e-01
5.801625193872659292e-01 5.816913718875655892e-01 5.824153132368005137e-01 5.835930549037562365e-01 5.853562180544866766e-01 5.853765456026618352e-01 5.878043254644333970e-01 5.887885981624756404e-01 5.897761212676696507e-01 5.904813060219518128e-01 5.917358194990476328e-01 5.949059468181219223e-01 5.956798622214966032e-01 5.961449836577203953e-01 5.984448206838601791e-01 5.994640273443820888e-01 6.004865232407947673e-01 6.000799896062911643e-01 6.016917347431713914e-01 6.041078363510277160e-01
6.054848633941504188e-01 6.064002196073993156e-01 6.065035518686305860e-01 6.072394318080035491e-01 6.075753690947388597e-01 6.082213252561867733e-01 6.087317852185227807e-01 6.091359213586405863e-01 6.095402319202321006e-01 6.089739302334737925e-01 6.106991401512733564e-01 6.115449897675051538e-01 6.119104422610874838e-01 6.122791678249190905e-01 6.129767158179666442e-01 6.133826468121319486e-01 6.137887221899526180e-01 6.131739343408112441e-01 6.143889584878368115e-01 6.152052388555353524e-01
6.156105077180028529e-01 6.165476515199858065e-01 6.166368085658902043e-01 6.173876046386753691e-01 6.177183174030338453e-01 6.183768300424918873e-01 6.188770733160104953e-01 6.192835710110879965e-01 6.196902249571160093e-01 6.191114705888629555e-01 6.208499139743732798e-01 6.217050304362102819e-01 6.220717041316132789e-01 6.224416544597297651e-01 6.231460387868371642e-01 6.235541389101448839e-01 6.239623645351610737e-01 6.233254191258347232e-01 6.245592039164540310e-01 6.253862972091392969e-01
